Sweep start: 0.0000
Sweep stop: 30.0000
Sweep step size: 0.5000
Points per step: 1
Gate voltage start: 0.0000
Gate voltage end: 1.0000
Gate voltage step size: 0.5000
NPLC: 10.0000
Padding after sweep: 110
Gate voltage,Drain-Source Voltage,Drain-Source Current
0.00000000000000,-0.00000100000000,0.00000000000640
0.00000000000000,0.50000500000000,0.00000000005470
0.00000000000000,1.00000200000000,0.00000000003860
0.00000000000000,1.50000300000000,0.00000000004500
0.00000000000000,2.00000200000000,0.00000000003820
0.00000000000000,2.50000000000000,0.00000000005410
0.00000000000000,3.00000000000000,0.00000000006730
0.00000000000000,3.50000000000000,0.00000000005310
0.00000000000000,4.00000000000000,0.00000000006280
0.00000000000000,4.50000000000000,0.00000000004330
0.00000000000000,5.00000000000000,0.00000000006930
0.00000000000000,5.50000000000000,0.00000000007660
0.00000000000000,6.00000000000000,0.00000000004870
0.00000000000000,6.49999000000000,0.00000000005000
0.00000000000000,7.00000000000000,0.00000000008570
0.00000000000000,7.50000000000000,0.00000000007450
0.00000000000000,8.00000000000000,0.00000000004590
0.00000000000000,8.50000000000000,0.00000000004220
0.00000000000000,9.00000000000000,0.00000000004820
0.00000000000000,9.49999000000000,0.00000000002750
0.00000000000000,9.99999000000000,0.00000000004820
0.00000000000000,10.49999000000000,0.00000000004830
0.00000000000000,10.99999000000000,0.00000000003080
0.00000000000000,11.49999000000000,0.00000000003310
0.00000000000000,12.00000000000000,0.00000000005840
0.00000000000000,12.50000000000000,0.00000000007170
0.00000000000000,13.00000000000000,0.00000000005250
0.00000000000000,13.50000000000000,0.00000000006910
0.00000000000000,14.00000000000000,0.00000000007260
0.00000000000000,14.50000000000000,0.00000000004920
0.00000000000000,15.00000000000000,0.00000000007560
0.00000000000000,15.49999000000000,0.00000000004180
0.00000000000000,16.00000000000000,0.00000000007780
0.00000000000000,16.50000000000000,0.00000000007580
0.00000000000000,17.00000000000000,0.00000000007470
0.00000000000000,17.50000000000000,0.00000000009430
0.00000000000000,18.00000000000000,0.00000000006040
0.00000000000000,18.50000000000000,0.00000000007670
0.00000000000000,18.99999000000000,0.00000000004640
0.00000000000000,19.50000000000000,0.00000000010050
0.00000000000000,20.00000000000000,0.00000000008050
0.00000000000000,20.50000000000000,0.00000000023520
0.00000000000000,21.00000000000000,0.00000000828300
0.00000000000000,21.49990000000000,0.00000001133920
0.00000000000000,21.99990000000000,0.00000000006970
0.00000000000000,22.49990000000000,0.00000000006480
0.00000000000000,22.99990000000000,0.00000000006130
0.00000000000000,23.49990000000000,0.00000000006940
0.00000000000000,23.99990000000000,0.00000000008970
0.00000000000000,24.49990000000000,0.00000000006460
0.00000000000000,24.99990000000000,0.00000000010200
0.00000000000000,25.49990000000000,0.00000000006010
0.00000000000000,25.99990000000000,0.00000000010000
0.00000000000000,26.50000000000000,0.00000000010830
0.00000000000000,26.99990000000000,0.00000000010080
0.00000000000000,27.50000000000000,0.00000006724000
0.00000000000000,28.00000000000000,0.00000010026000
0.00000000000000,28.50000000000000,0.00000018088200
0.00000000000000,29.00000000000000,0.00000012450700
0.00000000000000,29.50000000000000,0.00000006638100
0.00000000000000,30.00000000000000,0.00000005850300
0.00000000000000,0.00266900000000,-0.00000001294000
0.00000000000000,0.00000100000000,-0.00000000004070
0.00000000000000,0.00000100000000,-0.00000000002750
0.00000000000000,0.00000000000000,-0.00000000002100
0.00000000000000,0.00000000000000,-0.00000000001580
0.00000000000000,0.00000000000000,-0.00000000001350
0.00000000000000,0.00000100000000,-0.00000000000920
0.00000000000000,0.00000100000000,-0.00000000000860
0.00000000000000,0.00000100000000,0.00000000000320
0.00000000000000,0.00000000000000,-0.00000000000260
0.00000000000000,0.00000000000000,0.00000000000230
0.00000000000000,0.00000000000000,-0.00000000000140
0.00000000000000,0.00000100000000,-0.00000000000320
0.00000000000000,0.00000000000000,0.00000000000120
0.00000000000000,0.00000100000000,0.00000000000170
0.00000000000000,0.00000100000000,-0.00000000000070
0.00000000000000,0.00000000000000,0.00000000000240
0.00000000000000,0.00000000000000,0.00000000000100
0.00000000000000,0.00000100000000,-0.00000000000620
0.00000000000000,0.00000100000000,0.00000000000220
0.00000000000000,0.00000000000000,0.00000000000270
0.00000000000000,0.00000100000000,-0.00000000000530
0.00000000000000,0.00000000000000,0.00000000000670
0.00000000000000,0.00000100000000,0.00000000000570
0.00000000000000,0.00000000000000,0.00000000000320
0.00000000000000,0.00000000000000,0.00000000000000
0.00000000000000,0.00000000000000,0.00000000000000
0.00000000000000,0.00000000000000,0.00000000000000
0.00000000000000,0.00000000000000,0.00000000000000
0.00000000000000,0.00000000000000,0.00000000000000
0.00000000000000,0.00000000000000,0.00000000000000
0.00000000000000,0.00000000000000,0.00000000000000
0.00000000000000,0.00000000000000,0.00000000000000
0.00000000000000,0.00000000000000,0.00000000000000
0.00000000000000,0.00000000000000,0.00000000000000
0.00000000000000,0.00000000000000,0.00000000000000
0.00000000000000,0.00000000000000,0.00000000000000
0.00000000000000,0.00000000000000,0.00000000000000
0.00000000000000,0.00000000000000,0.00000000000000
0.00000000000000,0.00000000000000,0.00000000000000
0.00000000000000,0.00000000000000,0.00000000000000
0.00000000000000,0.00000000000000,0.00000000000000
0.00000000000000,0.00000000000000,0.00000000000000
0.00000000000000,0.00000000000000,0.00000000000000
0.00000000000000,0.00000000000000,0.00000000000000
0.00000000000000,0.00000000000000,0.00000000000000
0.00000000000000,0.00000000000000,0.00000000000000
0.00000000000000,0.00000000000000,0.00000000000000
0.00000000000000,0.00000000000000,0.00000000000000
0.00000000000000,0.00000000000000,0.00000000000000
0.00000000000000,0.00000000000000,0.00000000000000
0.00000000000000,0.00000000000000,0.00000000000000
0.00000000000000,0.00000000000000,0.00000000000000
0.00000000000000,0.00000000000000,0.00000000000000
0.00000000000000,0.00000000000000,0.00000000000000
0.00000000000000,0.00000000000000,0.00000000000000
0.00000000000000,0.00000000000000,0.00000000000000
0.00000000000000,0.00000000000000,0.00000000000000
0.00000000000000,0.00000000000000,0.00000000000000
0.00000000000000,0.00000000000000,0.00000000000000
0.00000000000000,0.00000000000000,0.00000000000000
0.00000000000000,0.00000000000000,0.00000000000000
0.00000000000000,0.00000000000000,0.00000000000000
0.00000000000000,0.00000000000000,0.00000000000000
0.00000000000000,0.00000000000000,0.00000000000000
0.00000000000000,0.00000000000000,0.00000000000000
0.00000000000000,0.00000000000000,0.00000000000000
0.00000000000000,0.00000000000000,0.00000000000000
0.00000000000000,0.00000000000000,0.00000000000000
0.00000000000000,0.00000000000000,0.00000000000000
0.00000000000000,0.00000000000000,0.00000000000000
0.00000000000000,0.00000000000000,0.00000000000000
0.00000000000000,0.00000000000000,0.00000000000000
0.00000000000000,0.00000000000000,0.00000000000000
0.00000000000000,0.00000000000000,0.00000000000000
0.00000000000000,0.00000000000000,0.00000000000000
0.00000000000000,0.00000000000000,0.00000000000000
0.00000000000000,0.00000000000000,0.00000000000000
0.00000000000000,0.00000000000000,0.00000000000000
0.00000000000000,0.00000000000000,0.00000000000000
0.00000000000000,0.00000000000000,0.00000000000000
0.00000000000000,0.00000000000000,0.00000000000000
0.00000000000000,0.00000000000000,0.00000000000000
0.00000000000000,0.00000000000000,0.00000000000000
0.00000000000000,0.00000000000000,0.00000000000000
0.00000000000000,0.00000000000000,0.00000000000000
0.00000000000000,0.00000000000000,0.00000000000000
0.00000000000000,0.00000000000000,0.00000000000000
0.00000000000000,0.00000000000000,0.00000000000000
0.00000000000000,0.00000000000000,0.00000000000000
0.00000000000000,0.00000000000000,0.00000000000000
0.00000000000000,0.00000000000000,0.00000000000000
0.00000000000000,0.00000000000000,0.00000000000000
0.00000000000000,0.00000000000000,0.00000000000000
0.00000000000000,0.00000000000000,0.00000000000000
0.00000000000000,0.00000000000000,0.00000000000000
0.00000000000000,0.00000000000000,0.00000000000000
0.00000000000000,0.00000000000000,0.00000000000000
0.00000000000000,0.00000000000000,0.00000000000000
0.00000000000000,0.00000000000000,0.00000000000000
0.00000000000000,0.00000000000000,0.00000000000000
0.00000000000000,0.00000000000000,0.00000000000000
0.00000000000000,0.00000000000000,0.00000000000000
0.00000000000000,0.00000000000000,0.00000000000000
0.00000000000000,0.00000000000000,0.00000000000000
0.00000000000000,0.00000000000000,0.00000000000000
0.00000000000000,0.00000000000000,0.00000000000000
0.00000000000000,0.00000000000000,0.00000000000000
0.00000000000000,0.00000000000000,0.00000000000000
0.00000000000000,0.00000000000000,0.00000000000000
0.00000000000000,0.00000000000000,0.00000000000000
0.50000000000000,0.00000000000000,0.00000000000810
0.50000000000000,0.50000500000000,0.00000000005160
0.50000000000000,1.00000500000000,0.00000000006150
0.50000000000000,1.50000400000000,0.00000000005830
0.50000000000000,2.00000300000000,0.00000000005590
0.50000000000000,2.50000000000000,0.00000000005450
0.50000000000000,3.00000000000000,0.00000000007290
0.50000000000000,3.50000000000000,0.00000000009840
0.50000000000000,3.99999000000000,0.00000000007220
0.50000000000000,4.50000000000000,0.00000000010840
0.50000000000000,4.99999000000000,0.00000000010780
0.50000000000000,5.50000000000000,0.00000000017160
0.50000000000000,5.99999000000000,0.00000000017090
0.50000000000000,6.50000000000000,0.00000000026490
0.50000000000000,7.00000000000000,0.00000000035630
0.50000000000000,7.50000000000000,0.00000000041430
0.50000000000000,8.00000000000000,0.00000000048790
0.50000000000000,8.50000000000000,0.00000000059710
0.50000000000000,9.00000000000000,0.00000000058680
0.50000000000000,9.50000000000000,0.00000000076670
0.50000000000000,10.00000000000000,0.00000000091250
0.50000000000000,10.50000000000000,0.00000000117610
0.50000000000000,11.00000000000000,0.00000000125250
0.50000000000000,11.50000000000000,0.00000000139990
0.50000000000000,12.00000000000000,0.00000000132680
0.50000000000000,12.50000000000000,0.00000000130460
0.50000000000000,12.99999000000000,0.00000000117830
0.50000000000000,13.50000000000000,0.00000000107280
0.50000000000000,13.99999000000000,0.00000000100970
0.50000000000000,14.50000000000000,0.00000000117820
0.50000000000000,15.00000000000000,0.00000000135120
0.50000000000000,15.50000000000000,0.00000000138970
0.50000000000000,16.00000000000000,0.00000000174960
0.50000000000000,16.50000000000000,0.00000000278430
0.50000000000000,16.99999000000000,0.00000000610840
0.50000000000000,17.49999000000000,0.00000000752050
0.50000000000000,18.00000000000000,0.00000001040290
0.50000000000000,18.50000000000000,0.00000000924570
0.50000000000000,18.99999000000000,0.00000000866750
0.50000000000000,19.50000000000000,0.00000001045880
0.50000000000000,20.00000000000000,0.00000001038480
0.50000000000000,20.50000000000000,0.00000001293970
0.50000000000000,20.99999000000000,0.00000001690170
0.50000000000000,21.49990000000000,0.00000001877010
0.50000000000000,21.99990000000000,0.00000001837090
0.50000000000000,22.49990000000000,0.00000002064500
0.50000000000000,23.00000000000000,0.00000003624800
0.50000000000000,23.50000000000000,0.00000002720620
0.50000000000000,23.99990000000000,0.00000003963410
0.50000000000000,24.49990000000000,0.00000005792120
0.50000000000000,25.00000000000000,0.00000012851000
0.50000000000000,25.50000000000000,0.00000016780200
0.50000000000000,26.00000000000000,0.00000015194200
0.50000000000000,26.50000000000000,0.00000013298400
0.50000000000000,27.00000000000000,0.00000018291600
0.50000000000000,27.50000000000000,0.00000076192000
0.50000000000000,28.00000000000000,0.00000003500000
0.50000000000000,28.49990000000000,0.00000003147150
0.50000000000000,28.99990000000000,0.00000001560280
0.50000000000000,29.49990000000000,0.00000001379600
0.50000000000000,30.00000000000000,0.00000001867300
0.50000000000000,0.00262800000000,-0.00000001385000
0.50000000000000,0.00000000000000,-0.00000000144030
0.50000000000000,0.00000000000000,-0.00000000096060
0.50000000000000,0.00000000000000,-0.00000000083950
0.50000000000000,0.00000100000000,-0.00000000072670
0.50000000000000,0.00000000000000,-0.00000000064090
0.50000000000000,0.00000000000000,-0.00000000058670
0.50000000000000,0.00000000000000,-0.00000000052190
0.50000000000000,0.00000100000000,-0.00000000045580
0.50000000000000,0.00000000000000,-0.00000000039990
0.50000000000000,0.00000000000000,-0.00000000034700
0.50000000000000,0.00000000000000,-0.00000000029820
0.50000000000000,0.00000000000000,-0.00000000027600
0.50000000000000,0.00000000000000,-0.00000000025130
0.50000000000000,0.00000000000000,-0.00000000023000
0.50000000000000,0.00000000000000,-0.00000000020920
0.50000000000000,0.00000000000000,-0.00000000019420
0.50000000000000,0.00000000000000,-0.00000000018760
0.50000000000000,0.00000000000000,-0.00000000017240
0.50000000000000,0.00000100000000,-0.00000000016250
0.50000000000000,0.00000100000000,-0.00000000014470
0.50000000000000,0.00000000000000,-0.00000000013980
0.50000000000000,0.00000000000000,-0.00000000013510
0.50000000000000,0.00000000000000,-0.00000000012220
0.50000000000000,0.00000100000000,-0.00000000011500
0.00000000000000,0.00000000000000,0.00000000000000
0.00000000000000,0.00000000000000,0.00000000000000
0.00000000000000,0.00000000000000,0.00000000000000
0.00000000000000,0.00000000000000,0.00000000000000
0.00000000000000,0.00000000000000,0.00000000000000
0.00000000000000,0.00000000000000,0.00000000000000
0.00000000000000,0.00000000000000,0.00000000000000
0.00000000000000,0.00000000000000,0.00000000000000
0.00000000000000,0.00000000000000,0.00000000000000
0.00000000000000,0.00000000000000,0.00000000000000
0.00000000000000,0.00000000000000,0.00000000000000
0.00000000000000,0.00000000000000,0.00000000000000
0.00000000000000,0.00000000000000,0.00000000000000
0.00000000000000,0.00000000000000,0.00000000000000
0.00000000000000,0.00000000000000,0.00000000000000
0.00000000000000,0.00000000000000,0.00000000000000
0.00000000000000,0.00000000000000,0.00000000000000
0.00000000000000,0.00000000000000,0.00000000000000
0.00000000000000,0.00000000000000,0.00000000000000
0.00000000000000,0.00000000000000,0.00000000000000
0.00000000000000,0.00000000000000,0.00000000000000
0.00000000000000,0.00000000000000,0.00000000000000
0.00000000000000,0.00000000000000,0.00000000000000
0.00000000000000,0.00000000000000,0.00000000000000
0.00000000000000,0.00000000000000,0.00000000000000
0.00000000000000,0.00000000000000,0.00000000000000
0.00000000000000,0.00000000000000,0.00000000000000
0.00000000000000,0.00000000000000,0.00000000000000
0.00000000000000,0.00000000000000,0.00000000000000
0.00000000000000,0.00000000000000,0.00000000000000
0.00000000000000,0.00000000000000,0.00000000000000
0.00000000000000,0.00000000000000,0.00000000000000
0.00000000000000,0.00000000000000,0.00000000000000
0.00000000000000,0.00000000000000,0.00000000000000
0.00000000000000,0.00000000000000,0.00000000000000
0.00000000000000,0.00000000000000,0.00000000000000
0.00000000000000,0.00000000000000,0.00000000000000
0.00000000000000,0.00000000000000,0.00000000000000
0.00000000000000,0.00000000000000,0.00000000000000
0.00000000000000,0.00000000000000,0.00000000000000
0.00000000000000,0.00000000000000,0.00000000000000
0.00000000000000,0.00000000000000,0.00000000000000
0.00000000000000,0.00000000000000,0.00000000000000
0.00000000000000,0.00000000000000,0.00000000000000
0.00000000000000,0.00000000000000,0.00000000000000
0.00000000000000,0.00000000000000,0.00000000000000
0.00000000000000,0.00000000000000,0.00000000000000
0.00000000000000,0.00000000000000,0.00000000000000
0.00000000000000,0.00000000000000,0.00000000000000
0.00000000000000,0.00000000000000,0.00000000000000
0.00000000000000,0.00000000000000,0.00000000000000
0.00000000000000,0.00000000000000,0.00000000000000
0.00000000000000,0.00000000000000,0.00000000000000
0.00000000000000,0.00000000000000,0.00000000000000
0.00000000000000,0.00000000000000,0.00000000000000
0.00000000000000,0.00000000000000,0.00000000000000
0.00000000000000,0.00000000000000,0.00000000000000
0.00000000000000,0.00000000000000,0.00000000000000
0.00000000000000,0.00000000000000,0.00000000000000
0.00000000000000,0.00000000000000,0.00000000000000
0.00000000000000,0.00000000000000,0.00000000000000
0.00000000000000,0.00000000000000,0.00000000000000
0.00000000000000,0.00000000000000,0.00000000000000
0.00000000000000,0.00000000000000,0.00000000000000
0.00000000000000,0.00000000000000,0.00000000000000
0.00000000000000,0.00000000000000,0.00000000000000
0.00000000000000,0.00000000000000,0.00000000000000
0.00000000000000,0.00000000000000,0.00000000000000
0.00000000000000,0.00000000000000,0.00000000000000
0.00000000000000,0.00000000000000,0.00000000000000
0.00000000000000,0.00000000000000,0.00000000000000
0.00000000000000,0.00000000000000,0.00000000000000
0.00000000000000,0.00000000000000,0.00000000000000
0.00000000000000,0.00000000000000,0.00000000000000
0.00000000000000,0.00000000000000,0.00000000000000
0.00000000000000,0.00000000000000,0.00000000000000
0.00000000000000,0.00000000000000,0.00000000000000
0.00000000000000,0.00000000000000,0.00000000000000
0.00000000000000,0.00000000000000,0.00000000000000
0.00000000000000,0.00000000000000,0.00000000000000
0.00000000000000,0.00000000000000,0.00000000000000
0.00000000000000,0.00000000000000,0.00000000000000
0.00000000000000,0.00000000000000,0.00000000000000
0.00000000000000,0.00000000000000,0.00000000000000
0.00000000000000,0.00000000000000,0.00000000000000
0.00000000000000,0.00000000000000,0.00000000000000
0.00000000000000,0.00000000000000,0.00000000000000
0.00000000000000,0.00000000000000,0.00000000000000
0.00000000000000,0.00000000000000,0.00000000000000
0.00000000000000,0.00000000000000,0.00000000000000
0.00000000000000,0.00000000000000,0.00000000000000
0.00000000000000,0.00000000000000,0.00000000000000
0.00000000000000,0.00000000000000,0.00000000000000
0.00000000000000,0.00000000000000,0.00000000000000
0.00000000000000,0.00000000000000,0.00000000000000
0.00000000000000,0.00000000000000,0.00000000000000
0.00000000000000,0.00000000000000,0.00000000000000
0.00000000000000,0.00000000000000,0.00000000000000
0.00000000000000,0.00000000000000,0.00000000000000
0.00000000000000,0.00000000000000,0.00000000000000
0.00000000000000,0.00000000000000,0.00000000000000
0.00000000000000,0.00000000000000,0.00000000000000
0.00000000000000,0.00000000000000,0.00000000000000
0.00000000000000,0.00000000000000,0.00000000000000
0.00000000000000,0.00000000000000,0.00000000000000
0.00000000000000,0.00000000000000,0.00000000000000
0.00000000000000,0.00000000000000,0.00000000000000
0.00000000000000,0.00000000000000,0.00000000000000
0.00000000000000,0.00000000000000,0.00000000000000
0.00000000000000,0.00000000000000,0.00000000000000
0.00000000000000,0.00000000000000,0.00000000000000
0.00000000000000,0.00000000000000,0.00000000000000
0.00000000000000,0.00000000000000,0.00000000000000
0.00000000000000,0.00000000000000,0.00000000000000
0.00000000000000,0.00000000000000,0.00000000000000
0.00000000000000,0.00000000000000,0.00000000000000
0.00000000000000,0.00000000000000,0.00000000000000
0.00000000000000,0.00000000000000,0.00000000000000
0.00000000000000,0.00000000000000,0.00000000000000
0.00000000000000,0.00000000000000,0.00000000000000
0.00000000000000,0.00000000000000,0.00000000000000
0.00000000000000,0.00000000000000,0.00000000000000
0.00000000000000,0.00000000000000,0.00000000000000
0.00000000000000,0.00000000000000,0.00000000000000
0.00000000000000,0.00000000000000,0.00000000000000
0.00000000000000,0.00000000000000,0.00000000000000
0.00000000000000,0.00000000000000,0.00000000000000
0.00000000000000,0.00000000000000,0.00000000000000
0.00000000000000,0.00000000000000,0.00000000000000
0.00000000000000,0.00000000000000,0.00000000000000
0.00000000000000,0.00000000000000,0.00000000000000
0.00000000000000,0.00000000000000,0.00000000000000
0.00000000000000,0.00000000000000,0.00000000000000
0.00000000000000,0.00000000000000,0.00000000000000
0.00000000000000,0.00000000000000,0.00000000000000
0.00000000000000,0.00000000000000,0.00000000000000
0.00000000000000,0.00000000000000,0.00000000000000
0.00000000000000,0.00000000000000,0.00000000000000
0.00000000000000,0.00000000000000,0.00000000000000
0.00000000000000,0.00000000000000,0.00000000000000
0.00000000000000,0.00000000000000,0.00000000000000
0.00000000000000,0.00000000000000,0.00000000000000
0.00000000000000,0.00000000000000,0.00000000000000
0.00000000000000,0.00000000000000,0.00000000000000
0.00000000000000,0.00000000000000,0.00000000000000
0.00000000000000,0.00000000000000,0.00000000000000
0.00000000000000,0.00000000000000,0.00000000000000
0.00000000000000,0.00000000000000,0.00000000000000
0.00000000000000,0.00000000000000,0.00000000000000
0.00000000000000,0.00000000000000,0.00000000000000
0.00000000000000,0.00000000000000,0.00000000000000
0.00000000000000,0.00000000000000,0.00000000000000
0.00000000000000,0.00000000000000,0.00000000000000
0.00000000000000,0.00000000000000,0.00000000000000
0.00000000000000,0.00000000000000,0.00000000000000
0.00000000000000,0.00000000000000,0.00000000000000
0.00000000000000,0.00000000000000,0.00000000000000
0.00000000000000,0.00000000000000,0.00000000000000
0.00000000000000,0.00000000000000,0.00000000000000
0.00000000000000,0.00000000000000,0.00000000000000
0.00000000000000,0.00000000000000,0.00000000000000
0.00000000000000,0.00000000000000,0.00000000000000
0.00000000000000,0.00000000000000,0.00000000000000
0.00000000000000,0.00000000000000,0.00000000000000
0.00000000000000,0.00000000000000,0.00000000000000
0.00000000000000,0.00000000000000,0.00000000000000
0.00000000000000,0.00000000000000,0.00000000000000
0.00000000000000,0.00000000000000,0.00000000000000
0.00000000000000,0.00000000000000,0.00000000000000
0.00000000000000,0.00000000000000,0.00000000000000
0.00000000000000,0.00000000000000,0.00000000000000
0.00000000000000,0.00000000000000,0.00000000000000
1.00000000000000,0.00000000000000,-0.00000000003640
1.00000000000000,0.50000300000000,0.00000000002720
1.00000000000000,1.00000500000000,0.00000000009830
1.00000000000000,1.50000200000000,0.00000000012990
1.00000000000000,2.00000200000000,0.00000000025970
1.00000000000000,2.50000000000000,0.00000000093370
1.00000000000000,3.00000000000000,0.00000000068930
1.00000000000000,3.49999000000000,0.00000000045050
1.00000000000000,3.99999000000000,0.00000000055260
1.00000000000000,4.50000000000000,0.00000000102670
1.00000000000000,5.00000000000000,0.00000000253000
1.00000000000000,5.50000000000000,0.00000000715380
1.00000000000000,6.00000000000000,0.00000000668000
1.00000000000000,6.50000000000000,0.00000000337010
1.00000000000000,7.00000000000000,0.00000000242140
1.00000000000000,7.50000000000000,0.00000000238480
1.00000000000000,7.99999000000000,0.00000000242610
1.00000000000000,8.50000000000000,0.00000000238350
1.00000000000000,9.00000000000000,0.00000000244680
1.00000000000000,9.50000000000000,0.00000000261950
1.00000000000000,10.00000000000000,0.00000000277230
1.00000000000000,10.49999000000000,0.00000000278800
1.00000000000000,11.00000000000000,0.00000000535900
1.00000000000000,11.49999000000000,0.00000000178790
1.00000000000000,12.00000000000000,0.00000000216370
1.00000000000000,12.50000000000000,0.00000000300860
1.00000000000000,13.00000000000000,0.00000000334650
1.00000000000000,13.50000000000000,0.00000000361790
1.00000000000000,14.00000000000000,0.00000000404060
1.00000000000000,14.50000000000000,0.00000000500370
1.00000000000000,15.00000000000000,0.00000000415400
1.00000000000000,15.50000000000000,0.00000000555780
1.00000000000000,16.00000000000000,0.00000000293940
1.00000000000000,16.49999000000000,0.00000000284620
1.00000000000000,16.99999000000000,0.00000000283490
1.00000000000000,17.50000000000000,0.00000000417860
1.00000000000000,18.00000000000000,0.00000000375710
1.00000000000000,18.50000000000000,0.00000000395610
1.00000000000000,19.00000000000000,0.00000000528470
1.00000000000000,19.50000000000000,0.00000000534790
1.00000000000000,20.00000000000000,0.00000003007000
1.00000000000000,20.49999000000000,0.00000000595950
1.00000000000000,21.00000000000000,0.00000000600310
1.00000000000000,21.49990000000000,0.00000000418120
1.00000000000000,21.99990000000000,0.00000000485500
1.00000000000000,22.49990000000000,0.00000000501380
1.00000000000000,22.99990000000000,0.00000000461120
1.00000000000000,23.50000000000000,0.00000000466900
1.00000000000000,24.00000000000000,0.00000000539510
1.00000000000000,24.49990000000000,0.00000000604580
1.00000000000000,25.00000000000000,0.00000000510300
1.00000000000000,25.49990000000000,0.00000000568060
1.00000000000000,26.00000000000000,0.00000001759900
1.00000000000000,26.50000000000000,0.00000000956500
1.00000000000000,27.00000000000000,0.00000000802400
1.00000000000000,27.50000000000000,0.00000000832150
1.00000000000000,28.00000000000000,0.00000000818500
1.00000000000000,28.50000000000000,0.00000001056380
1.00000000000000,28.99990000000000,0.00000000883790
1.00000000000000,29.49990000000000,0.00000001252660
1.00000000000000,30.00000000000000,0.00000000598000
1.00000000000000,-0.00000100000000,-0.00000000013280
1.00000000000000,-0.00000100000000,-0.00000000008810
1.00000000000000,-0.00000100000000,-0.00000000012960
1.00000000000000,-0.00000100000000,-0.00000000014150
1.00000000000000,-0.00000100000000,-0.00000000013350
1.00000000000000,-0.00000100000000,-0.00000000012930
1.00000000000000,-0.00000100000000,-0.00000000012640
1.00000000000000,-0.00000100000000,-0.00000000012220
1.00000000000000,-0.00000100000000,-0.00000000013480
1.00000000000000,-0.00000100000000,-0.00000000010730
1.00000000000000,-0.00000100000000,-0.00000000010250
1.00000000000000,-0.00000100000000,-0.00000000009050
1.00000000000000,-0.00000100000000,-0.00000000008320
1.00000000000000,-0.00000100000000,-0.00000000007470
1.00000000000000,0.00000000000000,-0.00000000006460
1.00000000000000,0.00000000000000,-0.00000000005810
1.00000000000000,-0.00000100000000,-0.00000000005760
1.00000000000000,-0.00000100000000,-0.00000000005820
1.00000000000000,-0.00000100000000,-0.00000000005490
1.00000000000000,-0.00000100000000,-0.00000000004040
1.00000000000000,-0.00000100000000,-0.00000000004980
1.00000000000000,-0.00000100000000,-0.00000000004610
1.00000000000000,-0.00000100000000,-0.00000000004330
1.00000000000000,-0.00000100000000,-0.00000000003930
1.00000000000000,-0.00000100000000,-0.00000000003860
0.50000000000000,0.00000000000000,0.00000000000000
0.50000000000000,0.00000000000000,0.00000000000000
0.50000000000000,0.00000000000000,0.00000000000000
0.50000000000000,0.00000000000000,0.00000000000000
0.50000000000000,0.00000000000000,0.00000000000000
0.50000000000000,0.00000000000000,0.00000000000000
0.50000000000000,0.00000000000000,0.00000000000000
0.50000000000000,0.00000000000000,0.00000000000000
0.50000000000000,0.00000000000000,0.00000000000000
0.50000000000000,0.00000000000000,0.00000000000000
0.50000000000000,0.00000000000000,0.00000000000000
0.50000000000000,0.00000000000000,0.00000000000000
0.50000000000000,0.00000000000000,0.00000000000000
0.50000000000000,0.00000000000000,0.00000000000000
0.50000000000000,0.00000000000000,0.00000000000000
0.50000000000000,0.00000000000000,0.00000000000000
0.50000000000000,0.00000000000000,0.00000000000000
0.50000000000000,0.00000000000000,0.00000000000000
0.50000000000000,0.00000000000000,0.00000000000000
0.50000000000000,0.00000000000000,0.00000000000000
0.50000000000000,0.00000000000000,0.00000000000000
0.50000000000000,0.00000000000000,0.00000000000000
0.50000000000000,0.00000000000000,0.00000000000000
0.50000000000000,0.00000000000000,0.00000000000000
0.50000000000000,0.00000000000000,0.00000000000000
0.50000000000000,0.00000000000000,0.00000000000000
0.50000000000000,0.00000000000000,0.00000000000000
0.50000000000000,0.00000000000000,0.00000000000000
0.50000000000000,0.00000000000000,0.00000000000000
0.50000000000000,0.00000000000000,0.00000000000000
0.50000000000000,0.00000000000000,0.00000000000000
0.50000000000000,0.00000000000000,0.00000000000000
0.50000000000000,0.00000000000000,0.00000000000000
0.50000000000000,0.00000000000000,0.00000000000000
0.50000000000000,0.00000000000000,0.00000000000000
0.50000000000000,0.00000000000000,0.00000000000000
0.50000000000000,0.00000000000000,0.00000000000000
0.50000000000000,0.00000000000000,0.00000000000000
0.50000000000000,0.00000000000000,0.00000000000000
0.50000000000000,0.00000000000000,0.00000000000000
0.50000000000000,0.00000000000000,0.00000000000000
0.50000000000000,0.00000000000000,0.00000000000000
0.50000000000000,0.00000000000000,0.00000000000000
0.50000000000000,0.00000000000000,0.00000000000000
0.50000000000000,0.00000000000000,0.00000000000000
0.50000000000000,0.00000000000000,0.00000000000000
0.50000000000000,0.00000000000000,0.00000000000000
0.50000000000000,0.00000000000000,0.00000000000000
0.50000000000000,0.00000000000000,0.00000000000000
0.50000000000000,0.00000000000000,0.00000000000000
0.50000000000000,0.00000000000000,0.00000000000000
0.50000000000000,0.00000000000000,0.00000000000000
0.50000000000000,0.00000000000000,0.00000000000000
0.50000000000000,0.00000000000000,0.00000000000000
0.50000000000000,0.00000000000000,0.00000000000000
0.50000000000000,0.00000000000000,0.00000000000000
0.50000000000000,0.00000000000000,0.00000000000000
0.50000000000000,0.00000000000000,0.00000000000000
0.50000000000000,0.00000000000000,0.00000000000000
0.50000000000000,0.00000000000000,0.00000000000000
0.50000000000000,0.00000000000000,0.00000000000000
0.50000000000000,0.00000000000000,0.00000000000000
0.50000000000000,0.00000000000000,0.00000000000000
0.50000000000000,0.00000000000000,0.00000000000000
0.50000000000000,0.00000000000000,0.00000000000000
0.50000000000000,0.00000000000000,0.00000000000000
0.50000000000000,0.00000000000000,0.00000000000000
0.50000000000000,0.00000000000000,0.00000000000000
0.50000000000000,0.00000000000000,0.00000000000000
0.50000000000000,0.00000000000000,0.00000000000000
0.50000000000000,0.00000000000000,0.00000000000000
0.50000000000000,0.00000000000000,0.00000000000000
0.50000000000000,0.00000000000000,0.00000000000000
0.50000000000000,0.00000000000000,0.00000000000000
0.50000000000000,0.00000000000000,0.00000000000000
0.50000000000000,0.00000000000000,0.00000000000000
0.50000000000000,0.00000000000000,0.00000000000000
0.50000000000000,0.00000000000000,0.00000000000000
0.50000000000000,0.00000000000000,0.00000000000000
0.50000000000000,0.00000000000000,0.00000000000000
0.50000000000000,0.00000000000000,0.00000000000000
0.50000000000000,0.00000000000000,0.00000000000000
0.50000000000000,0.00000000000000,0.00000000000000
0.50000000000000,0.00000000000000,0.00000000000000
0.50000000000000,0.00000000000000,0.00000000000000
0.50000000000000,0.00000000000000,0.00000000000000
0.00000000000000,0.00000000000000,0.00000000000000
0.00000000000000,0.00000000000000,0.00000000000000
0.00000000000000,0.00000000000000,0.00000000000000
0.00000000000000,0.00000000000000,0.00000000000000
0.00000000000000,0.00000000000000,0.00000000000000
0.00000000000000,0.00000000000000,0.00000000000000
0.00000000000000,0.00000000000000,0.00000000000000
0.00000000000000,0.00000000000000,0.00000000000000
0.00000000000000,0.00000000000000,0.00000000000000
0.00000000000000,0.00000000000000,0.00000000000000
0.00000000000000,0.00000000000000,0.00000000000000
0.00000000000000,0.00000000000000,0.00000000000000
0.00000000000000,0.00000000000000,0.00000000000000
0.00000000000000,0.00000000000000,0.00000000000000
0.00000000000000,0.00000000000000,0.00000000000000
0.00000000000000,0.00000000000000,0.00000000000000
0.00000000000000,0.00000000000000,0.00000000000000
0.00000000000000,0.00000000000000,0.00000000000000
0.00000000000000,0.00000000000000,0.00000000000000
0.00000000000000,0.00000000000000,0.00000000000000
0.00000000000000,0.00000000000000,0.00000000000000
0.00000000000000,0.00000000000000,0.00000000000000
0.00000000000000,0.00000000000000,0.00000000000000
0.00000000000000,0.00000000000000,0.00000000000000
0.00000000000000,0.00000000000000,0.00000000000000
0.00000000000000,0.00000000000000,0.00000000000000
0.00000000000000,0.00000000000000,0.00000000000000
0.00000000000000,0.00000000000000,0.00000000000000
0.00000000000000,0.00000000000000,0.00000000000000
0.00000000000000,0.00000000000000,0.00000000000000
0.00000000000000,0.00000000000000,0.00000000000000
0.00000000000000,0.00000000000000,0.00000000000000
0.00000000000000,0.00000000000000,0.00000000000000
0.00000000000000,0.00000000000000,0.00000000000000
0.00000000000000,0.00000000000000,0.00000000000000
0.00000000000000,0.00000000000000,0.00000000000000
0.00000000000000,0.00000000000000,0.00000000000000
0.00000000000000,0.00000000000000,0.00000000000000
0.00000000000000,0.00000000000000,0.00000000000000
0.00000000000000,0.00000000000000,0.00000000000000
0.00000000000000,0.00000000000000,0.00000000000000
0.00000000000000,0.00000000000000,0.00000000000000
0.00000000000000,0.00000000000000,0.00000000000000
0.00000000000000,0.00000000000000,0.00000000000000
0.00000000000000,0.00000000000000,0.00000000000000
0.00000000000000,0.00000000000000,0.00000000000000
0.00000000000000,0.00000000000000,0.00000000000000
0.00000000000000,0.00000000000000,0.00000000000000
0.00000000000000,0.00000000000000,0.00000000000000
0.00000000000000,0.00000000000000,0.00000000000000
0.00000000000000,0.00000000000000,0.00000000000000
0.00000000000000,0.00000000000000,0.00000000000000
0.00000000000000,0.00000000000000,0.00000000000000
0.00000000000000,0.00000000000000,0.00000000000000
0.00000000000000,0.00000000000000,0.00000000000000
0.00000000000000,0.00000000000000,0.00000000000000
0.00000000000000,0.00000000000000,0.00000000000000
0.00000000000000,0.00000000000000,0.00000000000000
0.00000000000000,0.00000000000000,0.00000000000000
0.00000000000000,0.00000000000000,0.00000000000000
0.00000000000000,0.00000000000000,0.00000000000000
0.00000000000000,0.00000000000000,0.00000000000000
0.00000000000000,0.00000000000000,0.00000000000000
0.00000000000000,0.00000000000000,0.00000000000000
0.00000000000000,0.00000000000000,0.00000000000000
0.00000000000000,0.00000000000000,0.00000000000000
0.00000000000000,0.00000000000000,0.00000000000000
0.00000000000000,0.00000000000000,0.00000000000000
0.00000000000000,0.00000000000000,0.00000000000000
0.00000000000000,0.00000000000000,0.00000000000000
0.00000000000000,0.00000000000000,0.00000000000000
0.00000000000000,0.00000000000000,0.00000000000000
0.00000000000000,0.00000000000000,0.00000000000000
0.00000000000000,0.00000000000000,0.00000000000000
0.00000000000000,0.00000000000000,0.00000000000000
0.00000000000000,0.00000000000000,0.00000000000000
0.00000000000000,0.00000000000000,0.00000000000000
0.00000000000000,0.00000000000000,0.00000000000000
0.00000000000000,0.00000000000000,0.00000000000000
0.00000000000000,0.00000000000000,0.00000000000000
0.00000000000000,0.00000000000000,0.00000000000000
0.00000000000000,0.00000000000000,0.00000000000000
0.00000000000000,0.00000000000000,0.00000000000000
0.00000000000000,0.00000000000000,0.00000000000000
0.00000000000000,0.00000000000000,0.00000000000000
0.00000000000000,0.00000000000000,0.00000000000000
0.00000000000000,0.00000000000000,0.00000000000000
0.00000000000000,0.00000000000000,0.00000000000000
0.00000000000000,0.00000000000000,0.00000000000000
0.00000000000000,0.00000000000000,0.00000000000000
0.00000000000000,0.00000000000000,0.00000000000000
0.00000000000000,0.00000000000000,0.00000000000000
0.00000000000000,0.00000000000000,0.00000000000000
0.00000000000000,0.00000000000000,0.00000000000000
0.00000000000000,0.00000000000000,0.00000000000000
0.00000000000000,0.00000000000000,0.00000000000000
0.00000000000000,0.00000000000000,0.00000000000000
0.00000000000000,0.00000000000000,0.00000000000000
0.00000000000000,0.00000000000000,0.00000000000000
0.00000000000000,0.00000000000000,0.00000000000000
0.00000000000000,0.00000000000000,0.00000000000000
0.00000000000000,0.00000000000000,0.00000000000000
0.00000000000000,0.00000000000000,0.00000000000000
0.00000000000000,0.00000000000000,0.00000000000000
0.00000000000000,0.00000000000000,0.00000000000000
0.00000000000000,0.00000000000000,0.00000000000000
0.00000000000000,0.00000000000000,0.00000000000000
0.00000000000000,0.00000000000000,0.00000000000000
0.00000000000000,0.00000000000000,0.00000000000000
0.00000000000000,0.00000000000000,0.00000000000000
0.00000000000000,0.00000000000000,0.00000000000000
0.00000000000000,0.00000000000000,0.00000000000000
0.00000000000000,0.00000000000000,0.00000000000000
0.00000000000000,0.00000000000000,0.00000000000000
0.00000000000000,0.00000000000000,0.00000000000000
0.00000000000000,0.00000000000000,0.00000000000000
0.00000000000000,0.00000000000000,0.00000000000000
0.00000000000000,0.00000000000000,0.00000000000000
0.00000000000000,0.00000000000000,0.00000000000000
0.00000000000000,0.00000000000000,0.00000000000000
0.00000000000000,0.00000000000000,0.00000000000000
0.00000000000000,0.00000000000000,0.00000000000000
0.00000000000000,0.00000000000000,0.00000000000000
0.00000000000000,0.00000000000000,0.00000000000000
0.00000000000000,0.00000000000000,0.00000000000000
0.00000000000000,0.00000000000000,0.00000000000000
0.00000000000000,0.00000000000000,0.00000000000000
0.00000000000000,0.00000000000000,0.00000000000000
0.00000000000000,0.00000000000000,0.00000000000000
0.00000000000000,0.00000000000000,0.00000000000000
0.00000000000000,0.00000000000000,0.00000000000000
0.00000000000000,0.00000000000000,0.00000000000000
0.00000000000000,0.00000000000000,0.00000000000000
0.00000000000000,0.00000000000000,0.00000000000000
0.00000000000000,0.00000000000000,0.00000000000000
0.00000000000000,0.00000000000000,0.00000000000000
0.00000000000000,0.00000000000000,0.00000000000000
0.00000000000000,0.00000000000000,0.00000000000000
0.00000000000000,0.00000000000000,0.00000000000000
0.00000000000000,0.00000000000000,0.00000000000000
0.00000000000000,0.00000000000000,0.00000000000000
0.00000000000000,0.00000000000000,0.00000000000000
0.00000000000000,0.00000000000000,0.00000000000000
0.00000000000000,0.00000000000000,0.00000000000000
0.00000000000000,0.00000000000000,0.00000000000000
0.00000000000000,0.00000000000000,0.00000000000000
0.00000000000000,0.00000000000000,0.00000000000000
0.00000000000000,0.00000000000000,0.00000000000000
0.00000000000000,0.00000000000000,0.00000000000000
0.00000000000000,0.00000000000000,0.00000000000000
0.00000000000000,0.00000000000000,0.00000000000000
0.00000000000000,0.00000000000000,0.00000000000000
0.00000000000000,0.00000000000000,0.00000000000000
0.00000000000000,0.00000000000000,0.00000000000000
0.00000000000000,0.00000000000000,0.00000000000000
0.00000000000000,0.00000000000000,0.00000000000000
0.00000000000000,0.00000000000000,0.00000000000000
0.00000000000000,0.00000000000000,0.00000000000000
0.00000000000000,0.00000000000000,0.00000000000000
0.00000000000000,0.00000000000000,0.00000000000000
0.00000000000000,0.00000000000000,0.00000000000000
0.00000000000000,0.00000000000000,0.00000000000000
0.00000000000000,0.00000000000000,0.00000000000000
0.00000000000000,0.00000000000000,0.00000000000000
0.00000000000000,0.00000000000000,0.00000000000000
0.00000000000000,0.00000000000000,0.00000000000000
0.00000000000000,0.00000000000000,0.00000000000000
0.00000000000000,0.00000000000000,0.00000000000000
0.00000000000000,0.00000000000000,0.00000000000000
0.00000000000000,0.00000000000000,0.00000000000000
0.00000000000000,0.00000000000000,0.00000000000000
0.00000000000000,0.00000000000000,0.00000000000000
