Vgate,Vds: 0.00,Vds: 1.00,Vds: 2.00,Vds: 3.00,Vds: 4.00,Vds: 5.00
0.0000E+0,5.1300E-11,3.9325E-7,8.2057E-7,1.3004E-6,1.8135E-6,2.1891E-6
5.0000E-1,6.1100E-11,3.8889E-7,8.1589E-7,1.2868E-6,1.8000E-6,2.2097E-6
1.0000E+0,5.1700E-11,3.8539E-7,8.0676E-7,1.2757E-6,1.7834E-6,2.2310E-6
1.5000E+0,5.1600E-11,3.8215E-7,8.0284E-7,1.2689E-6,1.7674E-6,2.2532E-6
2.0000E+0,5.1900E-11,3.7950E-7,7.9700E-7,1.2591E-6,1.7623E-6,2.2651E-6
2.5000E+0,5.1000E-11,3.7582E-7,7.9192E-7,1.2498E-6,1.7538E-6,2.2726E-6
3.0000E+0,5.1600E-11,3.7447E-7,7.9061E-7,1.2391E-6,1.7370E-6,2.2882E-6
3.5000E+0,5.2300E-11,3.7294E-7,7.8982E-7,1.2328E-6,1.7286E-6,2.2963E-6
4.0000E+0,5.0700E-11,3.6970E-7,7.8086E-7,1.2294E-6,1.7187E-6,2.3087E-6
4.5000E+0,5.4300E-11,3.6763E-7,7.7738E-7,1.2202E-6,1.7098E-6,2.3207E-6
5.0000E+0,4.9900E-11,3.6683E-7,7.7237E-7,1.2135E-6,1.6977E-6,2.3248E-6
5.5000E+0,5.1000E-11,3.6525E-7,7.7014E-7,1.2091E-6,1.6890E-6,2.3414E-6
6.0000E+0,4.7800E-11,3.6368E-7,7.6495E-7,1.2027E-6,1.6753E-6,2.3446E-6
6.5000E+0,4.7900E-11,3.6265E-7,7.5943E-7,1.1983E-6,1.6752E-6,2.3567E-6
7.0000E+0,4.9800E-11,3.6028E-7,7.5553E-7,1.1974E-6,1.6622E-6,2.3666E-6
7.5000E+0,5.0400E-11,3.5875E-7,7.5251E-7,1.1883E-6,1.6612E-6,2.3799E-6
8.0000E+0,4.6100E-11,3.5698E-7,7.4979E-7,1.1821E-6,1.6525E-6,2.3942E-6
8.5000E+0,4.8800E-11,3.5481E-7,7.5066E-7,1.1745E-6,1.6420E-6,2.4004E-6
9.0000E+0,4.4900E-11,3.5380E-7,7.4538E-7,1.1701E-6,1.6329E-6,2.4099E-6
9.5000E+0,5.0300E-11,3.5160E-7,7.4159E-7,1.1613E-6,1.6077E-6,2.4161E-6
1.0000E+1,4.7000E-11,3.4830E-7,7.3742E-7,1.1592E-6,1.6047E-6,2.4254E-6
1.0500E+1,4.6400E-11,3.4666E-7,7.3412E-7,1.1517E-6,1.6047E-6,2.4341E-6
1.1000E+1,4.1000E-11,3.4580E-7,7.3092E-7,1.1505E-6,1.6010E-6,2.4323E-6
1.1500E+1,5.0700E-11,3.4374E-7,7.2519E-7,1.1452E-6,1.5977E-6,2.4469E-6
1.2000E+1,4.0700E-11,3.4233E-7,7.2442E-7,1.1404E-6,1.6006E-6,2.4557E-6
1.2500E+1,4.9800E-11,3.3968E-7,7.2142E-7,1.1365E-6,1.6027E-6,2.4650E-6
1.3000E+1,4.4000E-11,3.3791E-7,7.1878E-7,1.1318E-6,1.6064E-6,2.4721E-6
1.3500E+1,5.3900E-11,3.3882E-7,7.1431E-7,1.1286E-6,1.6057E-6,2.4801E-6
1.4000E+1,4.8000E-11,3.3687E-7,7.1235E-7,1.1199E-6,1.6103E-6,2.4902E-6
1.4500E+1,4.8900E-11,3.3598E-7,7.0767E-7,1.1172E-6,1.6082E-6,2.4901E-6
1.5000E+1,4.4600E-11,3.3442E-7,7.0683E-7,1.1109E-6,1.6122E-6,2.4976E-6
1.5500E+1,4.8500E-11,3.3155E-7,7.0302E-7,1.1059E-6,1.6110E-6,2.5048E-6
1.6000E+1,4.6500E-11,3.2869E-7,6.9924E-7,1.1031E-6,1.6078E-6,2.5115E-6
1.6500E+1,5.0200E-11,3.2825E-7,6.9630E-7,1.0997E-6,1.6005E-6,2.5309E-6
1.7000E+1,4.3500E-11,3.2609E-7,6.9232E-7,1.0978E-6,1.6068E-6,2.5420E-6
1.7500E+1,4.9100E-11,3.2559E-7,6.9003E-7,1.0875E-6,1.5933E-6,2.5481E-6
1.8000E+1,5.1600E-11,3.2471E-7,6.8625E-7,1.0856E-6,1.6016E-6,2.5589E-6
1.8500E+1,4.8800E-11,3.2337E-7,6.8282E-7,1.0831E-6,1.6042E-6,2.5598E-6
1.9000E+1,4.6000E-11,3.2258E-7,6.8174E-7,1.0806E-6,2.1156E-6,2.5692E-6
1.9500E+1,4.0100E-11,3.2131E-7,6.7981E-7,1.0752E-6,2.0829E-6,2.5771E-6
2.0000E+1,4.7200E-11,3.2111E-7,6.7459E-7,1.0678E-6,2.0664E-6,2.5804E-6
2.0500E+1,4.7500E-11,3.1828E-7,6.7368E-7,1.0633E-6,2.0645E-6,2.5931E-6
2.1000E+1,4.7300E-11,3.1701E-7,6.7069E-7,1.0575E-6,2.0607E-6,2.5940E-6
2.1500E+1,4.5600E-11,3.1687E-7,6.6821E-7,1.0557E-6,2.0599E-6,2.6036E-6
2.2000E+1,4.6600E-11,3.1565E-7,6.6573E-7,1.0473E-6,2.0656E-6,2.6006E-6
2.2500E+1,4.4400E-11,3.1346E-7,6.6368E-7,1.0466E-6,2.0653E-6,2.6005E-6
2.3000E+1,3.8800E-11,3.1203E-7,6.6053E-7,1.0389E-6,2.0629E-6,2.6097E-6
2.3500E+1,4.2600E-11,3.1065E-7,6.5683E-7,1.0391E-6,2.0670E-6,2.6246E-6
2.4000E+1,3.8300E-11,3.1011E-7,6.5483E-7,1.0341E-6,2.0722E-6,2.6261E-6
2.4500E+1,4.7700E-11,3.0959E-7,6.5041E-7,1.0294E-6,2.0698E-6,2.6499E-6
2.5000E+1,4.2700E-11,3.0594E-7,6.4954E-7,1.0233E-6,2.0733E-6,2.6564E-6
2.5500E+1,4.7100E-11,3.0392E-7,6.4555E-7,1.0199E-6,2.0857E-6,2.6577E-6
2.6000E+1,4.5500E-11,3.0376E-7,6.4289E-7,1.0187E-6,2.0874E-6,2.6653E-6
2.6500E+1,5.0000E-11,3.0171E-7,6.3930E-7,1.0090E-6,2.0932E-6,2.6673E-6
2.7000E+1,5.2900E-11,3.0031E-7,6.3649E-7,1.0076E-6,2.0945E-6,2.6778E-6
2.7500E+1,4.7400E-11,3.0085E-7,6.3702E-7,1.0031E-6,2.1031E-6,2.6956E-6
2.8000E+1,4.6600E-11,2.9840E-7,6.3376E-7,1.0023E-6,2.1111E-6,2.7059E-6
2.8500E+1,4.2800E-11,2.9736E-7,6.2889E-7,9.9740E-7,2.1178E-6,2.7006E-6
2.9000E+1,4.7400E-11,2.9628E-7,6.2731E-7,9.9032E-7,2.1132E-6,2.7132E-6
2.9500E+1,4.6100E-11,2.9535E-7,6.2333E-7,9.8853E-7,2.1172E-6,2.7183E-6
3.0000E+1,4.4100E-11,2.9324E-7,6.2036E-7,9.8482E-7,2.1280E-6,2.7265E-6
