Vds, Vgate 0.00,Vgate 1.00,Vgate 2.00,Vgate 3.00,Vgate 4.00,Vgate 5.00,
-1e-06,9e-13,3.8e-12,1e-12,7e-13,5.3e-12,-1.6e-12,
0.500002,4.88e-11,4.734e-10,3.91e-10,4.26e-10,2.305e-10,3.952e-10,
1.000025,2.69e-10,2.513e-10,4.424e-10,2.29e-10,3.33e-10,2.117e-10,
1.500028,2.849e-10,2.712e-10,4.743e-10,4.451e-10,4.01e-10,2.684e-10,
2.000024,2.714e-10,2.646e-10,4.506e-10,4.501e-10,2.614e-10,1.24e-10,
2.50004,4.091e-10,2.799e-10,2.891e-10,4.595e-10,4.64e-10,2.501e-10,
3.00001,1.885e-10,2.862e-10,4.571e-10,4.713e-10,2.717e-10,2.776e-10,
3.50004,4.344e-10,2.518e-10,4.634e-10,3.982e-10,4.686e-10,4.486e-10,
4.00003,4.479e-10,2.882e-10,2.846e-10,4.057e-10,2.903e-10,2.595e-10,
4.50003,4.189e-10,2.819e-10,4.635e-10,2.974e-10,2.812e-10,2.899e-10,
5.00001,2.815e-10,4.744e-10,4.362e-10,2.748e-10,3.003e-10,2.849e-10,
5.50004,4.737e-10,4.683e-10,2.856e-10,4.745e-10,2.94e-10,2.978e-10,
6.00004,4.74e-10,4.736e-10,2.962e-10,4.015e-10,2.727e-10,4.687e-10,
6.50003,3.917e-10,2.822e-10,2.883e-10,4.37e-10,2.882e-10,2.935e-10,
7.00004,4.675e-10,3.229e-10,2.875e-10,2.955e-10,2.926e-10,2.875e-10,
7.50001,1.835e-10,2.786e-10,2.836e-10,3.055e-10,2.899e-10,3.018e-10,
8.00003,4.247e-10,2.862e-10,2.929e-10,3.017e-10,3.088e-10,2.982e-10,
8.50002,3.03e-10,2.904e-10,3.044e-10,3.004e-10,2.951e-10,2.939e-10,
9.00002,2.895e-10,3.049e-10,4.552e-10,2.978e-10,4.781e-10,3.005e-10,
9.50002,3.107e-10,3.092e-10,2.987e-10,1.664e-10,3.113e-10,2.939e-10,
10.00004,4.808e-10,2.802e-10,3.066e-10,4.331e-10,3.017e-10,2.983e-10,
10.50004,4.869e-10,3.113e-10,1.812e-10,2.889e-10,2.794e-10,4.962e-10,
10.99999,5.71e-11,5.73e-11,5.71e-11,5.76e-11,5.85e-11,6.17e-11,
11.50003,4.153e-10,4.535e-10,4.056e-10,2.554e-10,4.76e-10,4.572e-10,
12.00002,2.777e-10,4.681e-10,3.139e-10,3.179e-10,3.088e-10,4.791e-10,
12.50001,2.913e-10,2.711e-10,4.365e-10,3.094e-10,3.231e-10,2.706e-10,
13.00003,3.16e-10,4.798e-10,2.934e-10,3.157e-10,3.103e-10,3.137e-10,
13.50002,3.129e-10,4.883e-10,3.028e-10,4.618e-10,2.974e-10,3.1e-10,
14.00002,3.136e-10,4.418e-10,3.093e-10,3.169e-10,3.082e-10,2.931e-10,
14.50002,3.047e-10,4.913e-10,3.141e-10,4.903e-10,4.897e-10,3.003e-10,
15.00002,3.141e-10,3.074e-10,3.053e-10,3.146e-10,3.079e-10,2.97e-10,
15.50002,3.113e-10,3.14e-10,3.138e-10,3.162e-10,4.842e-10,2.966e-10,
16.00002,2.971e-10,3.186e-10,3.149e-10,3.147e-10,2.997e-10,3.368e-10,
16.50001,2.86e-10,5.072e-10,2.993e-10,4.89e-10,4.923e-10,4.984e-10,
17.00002,3.361e-10,3.728e-10,4.925e-10,4.939e-10,5.164e-10,3.077e-10,
17.50001,3.072e-10,4.92e-10,3.096e-10,4.962e-10,3.035e-10,5.02e-10,
18.00002,3.159e-10,3.153e-10,3.155e-10,3.168e-10,4.337e-10,5.143e-10,
18.50002,3.218e-10,3.095e-10,4.976e-10,5.021e-10,4.916e-10,3.056e-10,
19.00002,3.109e-10,2.789e-10,4.496e-10,3.32e-10,3.101e-10,3.366e-10,
19.5,1.793e-10,3.054e-10,4.472e-10,3.313e-10,3.08e-10,3.359e-10,
20.00002,3.125e-10,3.116e-10,5.017e-10,3.064e-10,3.112e-10,2.962e-10,
20.50002,3.218e-10,1.836e-10,2.983e-10,3.026e-10,4.948e-10,3.284e-10,
21.0,1.701e-10,2.864e-10,3.237e-10,5.077e-10,3.098e-10,5.013e-10,
21.4999,1.767e-10,3.081e-10,3.261e-10,7.79e-11,4.891e-10,7.45e-11,
22.0,4.897e-10,1.542e-10,7e-11,2.812e-10,1.753e-10,3.901e-10,
22.4999,1.025e-10,4.998e-10,4.567e-10,3.138e-10,4.971e-10,3.232e-10,
23.0,4.956e-10,1.15e-10,3.251e-10,4.395e-10,1.154e-10,3.26e-10,
23.5,3.31e-10,4.892e-10,4.931e-10,2.921e-10,3.201e-10,3.131e-10,
24.0,4.608e-10,4.658e-10,3.212e-10,3.256e-10,3.008e-10,5.015e-10,
24.5,3.238e-10,4.984e-10,2.016e-10,3.054e-10,4.716e-10,3.187e-10,
25.0,3.23e-10,3.455e-10,4.238e-10,4.957e-10,3.249e-10,4.258e-10,
25.5,5.04e-10,4.946e-10,3.224e-10,4.522e-10,1.774e-10,3.318e-10,
26.0,4.463e-10,5.325e-10,3.265e-10,4.926e-10,3.359e-10,4.906e-10,
26.5,4.587e-10,5.088e-10,3.183e-10,2.72e-10,3.456e-10,3.265e-10,
27.0,2.977e-10,4.895e-10,3.132e-10,3.151e-10,3.07e-10,3.077e-10,
27.4999,3.161e-10,3.181e-10,3.238e-10,5.003e-10,5.041e-10,4.94e-10,
27.9999,3.251e-10,3.281e-10,3.253e-10,5.28e-10,3.247e-10,3.283e-10,
28.4999,3.16e-10,3.199e-10,3.377e-10,3.35e-10,3.145e-10,5.005e-10,
29.0,4.761e-10,3.203e-10,2.927e-10,3.283e-10,3.264e-10,3.165e-10,
29.4999,3.251e-10,3.204e-10,3.161e-10,3.318e-10,3.271e-10,1.796e-10,
29.9999,3.401e-10,3.344e-10,3.239e-10,4.844e-10,3.347e-10,3.204e-10,
30.4999,3.153e-10,3.244e-10,5.094e-10,3.214e-10,3.322e-10,3.109e-10,
30.9999,3.282e-10,3.215e-10,3.247e-10,5.069e-10,3.184e-10,5.052e-10,
31.4999,1.822e-10,3.303e-10,3.135e-10,4.617e-10,3.263e-10,3.375e-10,
31.9999,1.641e-10,3.203e-10,3.203e-10,5.503e-10,3.189e-10,3.149e-10,
32.4999,3.587e-10,5.502e-10,3.223e-10,8.42e-11,3.722e-10,8.32e-11,
32.9999,2.236e-10,4.481e-10,7.22e-11,4.994e-10,3.37e-10,2.874e-10,
33.4999,3.145e-10,1.11e-10,2.866e-10,3.341e-10,1.142e-10,3.158e-10,
33.9999,1.755e-10,3.232e-10,5.028e-10,4.819e-10,1.668e-10,4.239e-10,
34.4999,3.119e-10,3.457e-10,4.402e-10,3.288e-10,4.537e-10,3.174e-10,
35.0,3.266e-10,3.225e-10,3.181e-10,3.233e-10,3.189e-10,3.419e-10,
35.5,5.198e-10,3.27e-10,4.846e-10,1.826e-10,5.133e-10,3.25e-10,
35.9999,3.027e-10,5.035e-10,3.495e-10,3.223e-10,3.19e-10,3.268e-10,
36.4999,3.295e-10,3.135e-10,3.364e-10,3.29e-10,3.41e-10,3.145e-10,
37.0,5.193e-10,4.529e-10,3.09e-10,5.185e-10,3.253e-10,3.148e-10,
37.4999,3.205e-10,3.294e-10,3.142e-10,3.422e-10,3.067e-10,3.19e-10,
38.0,5.066e-10,3.331e-10,3.303e-10,5.105e-10,3.301e-10,5.152e-10,
38.4999,3.543e-10,3.326e-10,5.035e-10,3.284e-10,3.239e-10,5.473e-10,
38.9999,1.979e-10,3.144e-10,3.098e-10,3.405e-10,3.128e-10,3.187e-10,
39.4999,3.189e-10,3.33e-10,5.089e-10,5.099e-10,3.355e-10,3.336e-10,
39.9999,3.259e-10,5.12e-10,4.9e-10,4.621e-10,3.155e-10,5.013e-10,
