Vds, Vgate 0.00,Vgate 1.00,Vgate 2.00,Vgate 3.00,Vgate 4.00,Vgate 5.00,
1e-06,2.1e-12,-1.4e-12,5.9e-12,1.6e-12,3.9e-12,1.8e-12,
0.430007,1.025e-10,3.737e-10,3.375e-10,2.123e-10,3.746e-10,1.948e-10,
0.860021,2.361e-10,3.371e-10,3.822e-10,2.082e-10,2.287e-10,1.956e-10,
1.290022,2.431e-10,1.021e-10,3.005e-10,2.462e-10,2.289e-10,3.863e-10,
1.720019,2.261e-10,2.529e-10,4.289e-10,2.402e-10,3.859e-10,2.398e-10,
2.15001,2.311e-10,2.345e-10,3.443e-10,3.98e-10,2.319e-10,3.891e-10,
2.58,1.234e-10,1.155e-10,4.235e-10,3.865e-10,3.928e-10,2.287e-10,
3.01001,2.225e-10,2.287e-10,2.244e-10,3.999e-10,3.943e-10,2.36e-10,
3.44001,2.184e-10,4.042e-10,2.368e-10,3.398e-10,2.319e-10,1.149e-10,
3.87003,4.007e-10,3.582e-10,1.38e-10,2.534e-10,2.409e-10,2.473e-10,
4.30001,2.352e-10,2.38e-10,2.434e-10,2.381e-10,2.469e-10,2.457e-10,
4.73002,2.514e-10,3.891e-10,4.123e-10,2.804e-10,2.486e-10,4.025e-10,
5.16001,2.477e-10,2.607e-10,2.405e-10,2.547e-10,4.104e-10,3.23e-10,
5.59003,4.048e-10,2.429e-10,2.42e-10,2.549e-10,2.408e-10,2.425e-10,
6.02001,2.505e-10,1.175e-10,2.618e-10,2.463e-10,1.377e-10,2.521e-10,
6.45002,2.532e-10,3.596e-10,2.6e-10,4.166e-10,4.438e-10,4.082e-10,
6.88001,2.567e-10,2.595e-10,2.605e-10,2.777e-10,4.096e-10,4.062e-10,
7.31001,2.414e-10,1.446e-10,3.685e-10,2.729e-10,3.793e-10,2.238e-10,
7.74001,2.608e-10,3.802e-10,2.708e-10,2.556e-10,2.629e-10,2.692e-10,
8.17,1.461e-10,3.592e-10,2.677e-10,2.694e-10,2.587e-10,2.501e-10,
8.60002,3.373e-10,3.749e-10,3.809e-10,1.598e-10,4.16e-10,2.598e-10,
9.03001,2.449e-10,2.293e-10,2.819e-10,2.43e-10,2.469e-10,2.644e-10,
9.45999,5.02e-11,3.271e-10,4.8e-11,5.04e-11,3.68e-10,5.05e-11,
9.89003,4.071e-10,3.562e-10,3.737e-10,3.711e-10,4.464e-10,2.384e-10,
10.32001,2.371e-10,8.48e-11,2.531e-10,2.18e-10,8.1e-11,2.568e-10,
10.75001,2.783e-10,4.116e-10,4.082e-10,2.784e-10,2.527e-10,4.214e-10,
11.18002,2.806e-10,2.712e-10,3.527e-10,2.602e-10,2.846e-10,2.528e-10,
11.61003,4.12e-10,4.268e-10,4.534e-10,2.582e-10,4.201e-10,2.478e-10,
12.04001,2.655e-10,2.642e-10,3.794e-10,4.141e-10,3.965e-10,1.439e-10,
