Sweep start: 0.0000
Sweep stop: 40.0000
Sweep step size: 0.5000
Points per step: 1
Gate voltage start: 0.0000
Gate voltage end: 0.0000
Gate voltage step size: 0.0000
NPLC: 1.0000
Padding after sweep: 25
Gate voltage,Drain-Source Voltage,Drain-Source Current
0.00000000000000,-0.00000100000000,0.00000000000240
0.00000000000000,0.50004800000000,0.00000000040440
0.00000000000000,1.00003800000000,0.00000000040190
0.00000000000000,1.50002700000000,0.00000000027170
0.00000000000000,2.00002400000000,0.00000000027550
0.00000000000000,2.50000000000000,0.00000000014320
0.00000000000000,3.00003000000000,0.00000000039530
0.00000000000000,3.50001000000000,0.00000000027760
0.00000000000000,4.00001000000000,0.00000000028210
0.00000000000000,4.50004000000000,0.00000000046970
0.00000000000000,5.00004000000000,0.00000000050510
0.00000000000000,5.50004000000000,0.00000000047150
0.00000000000000,6.00002000000000,0.00000000029570
0.00000000000000,6.50002000000000,0.00000000030100
0.00000000000000,7.00001000000000,0.00000000017280
0.00000000000000,7.50003000000000,0.00000000042420
0.00000000000000,8.00002000000000,0.00000000030120
0.00000000000000,8.50002000000000,0.00000000030020
0.00000000000000,9.00002000000000,0.00000000030810
0.00000000000000,9.50002000000000,0.00000000032770
0.00000000000000,10.00001000000000,0.00000000030540
0.00000000000000,10.50004000000000,0.00000000048040
0.00000000000000,10.99999000000000,0.00000000004700
0.00000000000000,11.49999000000000,0.00000000005290
0.00000000000000,12.00003000000000,0.00000000042050
0.00000000000000,12.50003000000000,0.00000000043410
0.00000000000000,13.00002000000000,0.00000000027450
0.00000000000000,13.50003000000000,0.00000000046370
0.00000000000000,14.00002000000000,0.00000000030610
0.00000000000000,14.50002000000000,0.00000000028880
0.00000000000000,15.00004000000000,0.00000000049040
0.00000000000000,15.50003000000000,0.00000000043700
0.00000000000000,16.00004000000000,0.00000000048640
0.00000000000000,16.50001000000000,0.00000000030620
0.00000000000000,17.00004000000000,0.00000000048270
0.00000000000000,17.50003000000000,0.00000000042790
0.00000000000000,18.00004000000000,0.00000000049810
0.00000000000000,18.50002000000000,0.00000000029930
0.00000000000000,19.00002000000000,0.00000000034440
0.00000000000000,19.50002000000000,0.00000000032240
0.00000000000000,20.00002000000000,0.00000000032740
0.00000000000000,20.50002000000000,0.00000000031800
0.00000000000000,21.00004000000000,0.00000000046020
0.00000000000000,21.50000000000000,0.00000000048890
0.00000000000000,21.99990000000000,0.00000000010680
0.00000000000000,22.50000000000000,0.00000000043190
0.00000000000000,23.00000000000000,0.00000000032790
0.00000000000000,23.50000000000000,0.00000000030440
0.00000000000000,24.00000000000000,0.00000000031670
0.00000000000000,24.50000000000000,0.00000000031350
0.00000000000000,25.00000000000000,0.00000000030840
0.00000000000000,25.50000000000000,0.00000000050050
0.00000000000000,26.00000000000000,0.00000000032420
0.00000000000000,26.50000000000000,0.00000000050030
0.00000000000000,27.00000000000000,0.00000000029680
0.00000000000000,27.49990000000000,0.00000000050920
0.00000000000000,27.99990000000000,0.00000000031340
0.00000000000000,28.49990000000000,0.00000000033510
0.00000000000000,28.99990000000000,0.00000000026740
0.00000000000000,29.49990000000000,0.00000000031390
0.00000000000000,30.00000000000000,0.00000000050870
0.00000000000000,30.49990000000000,0.00000000032730
0.00000000000000,31.00000000000000,0.00000000051100
0.00000000000000,31.49990000000000,0.00000000007870
0.00000000000000,32.00000000000000,0.00000000049640
0.00000000000000,32.49990000000000,0.00000000043550
0.00000000000000,33.00000000000000,0.00000000044810
0.00000000000000,33.49990000000000,0.00000000033130
0.00000000000000,34.00000000000000,0.00000000033890
0.00000000000000,34.49990000000000,0.00000000019560
0.00000000000000,35.00000000000000,0.00000000032130
0.00000000000000,35.50000000000000,0.00000000055680
0.00000000000000,36.00000000000000,0.00000000048560
0.00000000000000,36.50000000000000,0.00000000045890
0.00000000000000,37.00000000000000,0.00000000032000
0.00000000000000,37.49990000000000,0.00000000033360
0.00000000000000,38.00000000000000,0.00000000033210
0.00000000000000,38.49990000000000,0.00000000017510
0.00000000000000,39.00000000000000,0.00000000029400
0.00000000000000,39.49990000000000,0.00000000031090
0.00000000000000,39.99990000000000,0.00000000035680
0.00000000000000,0.07541500000000,-0.00000027239000
0.00000000000000,0.00000000000000,-0.00000000050180
0.00000000000000,0.00000000000000,-0.00000000026790
0.00000000000000,0.00000000000000,-0.00000000021250
0.00000000000000,0.00000000000000,-0.00000000017830
0.00000000000000,0.00000000000000,-0.00000000016380
0.00000000000000,0.00000000000000,-0.00000000013690
0.00000000000000,0.00000100000000,-0.00000000012630
0.00000000000000,0.00000100000000,-0.00000000011100
0.00000000000000,0.00000000000000,-0.00000000010170
0.00000000000000,0.00000000000000,-0.00000000009210
0.00000000000000,0.00000000000000,-0.00000000008710
0.00000000000000,0.00000000000000,-0.00000000008070
0.00000000000000,0.00000000000000,-0.00000000007620
0.00000000000000,0.00000000000000,-0.00000000006830
0.00000000000000,0.00000000000000,-0.00000000006210
0.00000000000000,0.00000100000000,-0.00000000006240
0.00000000000000,0.00000000000000,-0.00000000005880
0.00000000000000,0.00000000000000,-0.00000000004430
0.00000000000000,0.00000000000000,-0.00000000005050
0.00000000000000,0.00000000000000,-0.00000000004770
0.00000000000000,0.00000100000000,-0.00000000004350
0.00000000000000,0.00000100000000,-0.00000000004370
0.00000000000000,0.00000000000000,-0.00000000003810
0.00000000000000,0.00000000000000,-0.00000000003520
