Vds, Vgate 0.00,
-1e-06,2.4e-12,
0.500048,4.044e-10,
1.000038,4.019e-10,
1.500027,2.717e-10,
2.000024,2.755e-10,
2.5,1.432e-10,
3.00003,3.953e-10,
3.50001,2.776e-10,
4.00001,2.821e-10,
4.50004,4.697e-10,
5.00004,5.051e-10,
5.50004,4.715e-10,
6.00002,2.957e-10,
6.50002,3.01e-10,
7.00001,1.728e-10,
7.50003,4.242e-10,
8.00002,3.012e-10,
8.50002,3.002e-10,
9.00002,3.081e-10,
9.50002,3.277e-10,
10.00001,3.054e-10,
10.50004,4.804e-10,
10.99999,4.7e-11,
11.49999,5.29e-11,
12.00003,4.205e-10,
12.50003,4.341e-10,
13.00002,2.745e-10,
13.50003,4.637e-10,
14.00002,3.061e-10,
14.50002,2.888e-10,
15.00004,4.904e-10,
15.50003,4.37e-10,
16.00004,4.864e-10,
16.50001,3.062e-10,
17.00004,4.827e-10,
17.50003,4.279e-10,
18.00004,4.981e-10,
18.50002,2.993e-10,
19.00002,3.444e-10,
19.50002,3.224e-10,
20.00002,3.274e-10,
20.50002,3.18e-10,
21.00004,4.602e-10,
21.5,4.889e-10,
21.9999,1.068e-10,
22.5,4.319e-10,
23.0,3.279e-10,
23.5,3.044e-10,
24.0,3.167e-10,
24.5,3.135e-10,
25.0,3.084e-10,
25.5,5.005e-10,
26.0,3.242e-10,
26.5,5.003e-10,
27.0,2.968e-10,
27.4999,5.092e-10,
27.9999,3.134e-10,
28.4999,3.351e-10,
28.9999,2.674e-10,
29.4999,3.139e-10,
30.0,5.087e-10,
30.4999,3.273e-10,
31.0,5.11e-10,
31.4999,7.87e-11,
32.0,4.964e-10,
32.4999,4.355e-10,
33.0,4.481e-10,
33.4999,3.313e-10,
34.0,3.389e-10,
34.4999,1.956e-10,
35.0,3.213e-10,
35.5,5.568e-10,
36.0,4.856e-10,
36.5,4.589e-10,
37.0,3.2e-10,
37.4999,3.336e-10,
38.0,3.321e-10,
38.4999,1.751e-10,
39.0,2.94e-10,
39.4999,3.109e-10,
39.9999,3.568e-10,
