Sweep start: 0.0000
Sweep stop: 12.0000
Sweep step size: 0.4300
Points per step: 1
Gate voltage start: 0.0000
Gate voltage end: 5.0000
Gate voltage step size: 1.0000
NPLC: 1.0000
Padding after sweep: 25
Gate voltage,Drain-Source Voltage,Drain-Source Current
0.00000000000000,0.00000100000000,0.00000000000210
0.00000000000000,0.43000700000000,0.00000000010250
0.00000000000000,0.86002100000000,0.00000000023610
0.00000000000000,1.29002200000000,0.00000000024310
0.00000000000000,1.72001900000000,0.00000000022610
0.00000000000000,2.15001000000000,0.00000000023110
0.00000000000000,2.58000000000000,0.00000000012340
0.00000000000000,3.01001000000000,0.00000000022250
0.00000000000000,3.44001000000000,0.00000000021840
0.00000000000000,3.87003000000000,0.00000000040070
0.00000000000000,4.30001000000000,0.00000000023520
0.00000000000000,4.73002000000000,0.00000000025140
0.00000000000000,5.16001000000000,0.00000000024770
0.00000000000000,5.59003000000000,0.00000000040480
0.00000000000000,6.02001000000000,0.00000000025050
0.00000000000000,6.45002000000000,0.00000000025320
0.00000000000000,6.88001000000000,0.00000000025670
0.00000000000000,7.31001000000000,0.00000000024140
0.00000000000000,7.74001000000000,0.00000000026080
0.00000000000000,8.17000000000000,0.00000000014610
0.00000000000000,8.60002000000000,0.00000000033730
0.00000000000000,9.03001000000000,0.00000000024490
0.00000000000000,9.45999000000000,0.00000000005020
0.00000000000000,9.89003000000000,0.00000000040710
0.00000000000000,10.32001000000000,0.00000000023710
0.00000000000000,10.75001000000000,0.00000000027830
0.00000000000000,11.18002000000000,0.00000000028060
0.00000000000000,11.61003000000000,0.00000000041200
0.00000000000000,12.04001000000000,0.00000000026550
0.00000000000000,0.00000000000000,-0.00000000126000
0.00000000000000,0.00000000000000,-0.00000000012200
0.00000000000000,0.00000100000000,-0.00000000008730
0.00000000000000,0.00000000000000,-0.00000000006540
0.00000000000000,0.00000000000000,-0.00000000005090
0.00000000000000,0.00000000000000,-0.00000000004110
0.00000000000000,0.00000000000000,-0.00000000003610
0.00000000000000,0.00000000000000,-0.00000000003180
0.00000000000000,0.00000000000000,-0.00000000002300
0.00000000000000,0.00000000000000,-0.00000000002290
0.00000000000000,0.00000100000000,-0.00000000002320
0.00000000000000,0.00000000000000,-0.00000000001200
0.00000000000000,0.00000100000000,-0.00000000001210
0.00000000000000,0.00000000000000,-0.00000000001510
0.00000000000000,0.00000000000000,-0.00000000001450
0.00000000000000,0.00000000000000,-0.00000000001290
0.00000000000000,0.00000100000000,-0.00000000001440
0.00000000000000,0.00000000000000,-0.00000000001080
0.00000000000000,0.00000000000000,-0.00000000000460
0.00000000000000,0.00000100000000,-0.00000000001320
0.00000000000000,0.00000100000000,-0.00000000000890
0.00000000000000,0.00000000000000,-0.00000000000990
0.00000000000000,0.00000000000000,-0.00000000000570
0.00000000000000,0.00000000000000,-0.00000000001190
0.00000000000000,0.00000000000000,-0.00000000000810
1.00000000000000,0.00000000000000,-0.00000000000140
1.00000000000000,0.43004400000000,0.00000000037370
1.00000000000000,0.86003200000000,0.00000000033710
1.00000000000000,1.29000800000000,0.00000000010210
1.00000000000000,1.72002200000000,0.00000000025290
1.00000000000000,2.15001000000000,0.00000000023450
1.00000000000000,2.58000000000000,0.00000000011550
1.00000000000000,3.01001000000000,0.00000000022870
1.00000000000000,3.44003000000000,0.00000000040420
1.00000000000000,3.87003000000000,0.00000000035820
1.00000000000000,4.30001000000000,0.00000000023800
1.00000000000000,4.73003000000000,0.00000000038910
1.00000000000000,5.16001000000000,0.00000000026070
1.00000000000000,5.59001000000000,0.00000000024290
1.00000000000000,6.02000000000000,0.00000000011750
1.00000000000000,6.45003000000000,0.00000000035960
1.00000000000000,6.88002000000000,0.00000000025950
1.00000000000000,7.31000000000000,0.00000000014460
1.00000000000000,7.74003000000000,0.00000000038020
1.00000000000000,8.17002000000000,0.00000000035920
1.00000000000000,8.60002000000000,0.00000000037490
1.00000000000000,9.03001000000000,0.00000000022930
1.00000000000000,9.46002000000000,0.00000000032710
1.00000000000000,9.89003000000000,0.00000000035620
1.00000000000000,10.31999000000000,0.00000000008480
1.00000000000000,10.75003000000000,0.00000000041160
1.00000000000000,11.18002000000000,0.00000000027120
1.00000000000000,11.61003000000000,0.00000000042680
1.00000000000000,12.04001000000000,0.00000000026420
0.00000000000000,0.00000000000000,-0.00000000125000
0.00000000000000,0.00000000000000,-0.00000000012810
0.00000000000000,0.00000100000000,-0.00000000008680
0.00000000000000,0.00000000000000,-0.00000000006380
0.00000000000000,0.00000000000000,-0.00000000005240
0.00000000000000,0.00000000000000,-0.00000000004420
0.00000000000000,0.00000000000000,-0.00000000002980
0.00000000000000,0.00000100000000,-0.00000000004030
0.00000000000000,0.00000100000000,-0.00000000001960
0.00000000000000,0.00000000000000,-0.00000000002460
0.00000000000000,0.00000000000000,-0.00000000002220
0.00000000000000,0.00000000000000,-0.00000000001950
0.00000000000000,0.00000100000000,-0.00000000001610
0.00000000000000,0.00000100000000,-0.00000000001460
0.00000000000000,0.00000000000000,-0.00000000001490
0.00000000000000,0.00000000000000,-0.00000000001210
0.00000000000000,0.00000000000000,-0.00000000000850
0.00000000000000,0.00000000000000,-0.00000000001700
0.00000000000000,0.00000100000000,-0.00000000000840
0.00000000000000,0.00000000000000,-0.00000000000900
0.00000000000000,0.00000100000000,-0.00000000000870
0.00000000000000,0.00000000000000,-0.00000000000470
0.00000000000000,0.00000000000000,-0.00000000000500
0.00000000000000,0.00000100000000,-0.00000000000500
0.00000000000000,0.00000000000000,-0.00000000000480
2.00000000000000,0.00000000000000,0.00000000000590
2.00000000000000,0.43004000000000,0.00000000033750
2.00000000000000,0.86003600000000,0.00000000038220
2.00000000000000,1.29002800000000,0.00000000030050
2.00000000000000,1.72004000000000,0.00000000042890
2.00000000000000,2.15003000000000,0.00000000034430
2.00000000000000,2.58004000000000,0.00000000042350
2.00000000000000,3.01001000000000,0.00000000022440
2.00000000000000,3.44001000000000,0.00000000023680
2.00000000000000,3.87000000000000,0.00000000013800
2.00000000000000,4.30001000000000,0.00000000024340
2.00000000000000,4.73003000000000,0.00000000041230
2.00000000000000,5.16001000000000,0.00000000024050
2.00000000000000,5.59001000000000,0.00000000024200
2.00000000000000,6.02002000000000,0.00000000026180
2.00000000000000,6.45002000000000,0.00000000026000
2.00000000000000,6.88001000000000,0.00000000026050
2.00000000000000,7.31002000000000,0.00000000036850
2.00000000000000,7.74002000000000,0.00000000027080
2.00000000000000,8.17001000000000,0.00000000026770
2.00000000000000,8.60002000000000,0.00000000038090
2.00000000000000,9.03002000000000,0.00000000028190
2.00000000000000,9.45999000000000,0.00000000004800
2.00000000000000,9.89003000000000,0.00000000037370
2.00000000000000,10.32001000000000,0.00000000025310
2.00000000000000,10.75003000000000,0.00000000040820
2.00000000000000,11.18003000000000,0.00000000035270
2.00000000000000,11.61003000000000,0.00000000045340
2.00000000000000,12.04002000000000,0.00000000037940
0.00000000000000,0.00000000000000,-0.00000000126000
0.00000000000000,-0.00000100000000,-0.00000000011930
0.00000000000000,0.00000000000000,-0.00000000008310
0.00000000000000,-0.00000100000000,-0.00000000006920
0.00000000000000,-0.00000100000000,-0.00000000005240
0.00000000000000,-0.00000100000000,-0.00000000004210
0.00000000000000,0.00000000000000,-0.00000000003740
0.00000000000000,-0.00000100000000,-0.00000000003600
0.00000000000000,-0.00000100000000,-0.00000000003370
0.00000000000000,-0.00000100000000,-0.00000000002340
0.00000000000000,-0.00000100000000,-0.00000000001290
0.00000000000000,-0.00000100000000,-0.00000000001610
0.00000000000000,-0.00000100000000,-0.00000000002310
0.00000000000000,-0.00000100000000,-0.00000000001410
0.00000000000000,0.00000000000000,-0.00000000001240
0.00000000000000,0.00000000000000,-0.00000000000830
0.00000000000000,-0.00000100000000,-0.00000000000930
0.00000000000000,-0.00000100000000,-0.00000000000800
0.00000000000000,0.00000000000000,-0.00000000000870
0.00000000000000,-0.00000100000000,-0.00000000000610
0.00000000000000,-0.00000100000000,-0.00000000000670
0.00000000000000,-0.00000100000000,-0.00000000001090
0.00000000000000,0.00000000000000,-0.00000000001190
0.00000000000000,-0.00000100000000,-0.00000000000890
0.00000000000000,-0.00000100000000,-0.00000000000580
3.00000000000000,-0.00000100000000,0.00000000000160
3.00000000000000,0.43002100000000,0.00000000021230
3.00000000000000,0.86001900000000,0.00000000020820
3.00000000000000,1.29002100000000,0.00000000024620
3.00000000000000,1.72002100000000,0.00000000024020
3.00000000000000,2.15003000000000,0.00000000039800
3.00000000000000,2.58003000000000,0.00000000038650
3.00000000000000,3.01003000000000,0.00000000039990
3.00000000000000,3.44002000000000,0.00000000033980
3.00000000000000,3.87001000000000,0.00000000025340
3.00000000000000,4.30001000000000,0.00000000023810
3.00000000000000,4.73002000000000,0.00000000028040
3.00000000000000,5.16001000000000,0.00000000025470
3.00000000000000,5.59001000000000,0.00000000025490
3.00000000000000,6.02001000000000,0.00000000024630
3.00000000000000,6.45003000000000,0.00000000041660
3.00000000000000,6.88002000000000,0.00000000027770
3.00000000000000,7.31001000000000,0.00000000027290
3.00000000000000,7.74001000000000,0.00000000025560
3.00000000000000,8.17001000000000,0.00000000026940
3.00000000000000,8.60000000000000,0.00000000015980
3.00000000000000,9.03001000000000,0.00000000024300
3.00000000000000,9.45999000000000,0.00000000005040
3.00000000000000,9.89003000000000,0.00000000037110
3.00000000000000,10.32001000000000,0.00000000021800
3.00000000000000,10.75001000000000,0.00000000027840
3.00000000000000,11.18001000000000,0.00000000026020
3.00000000000000,11.61001000000000,0.00000000025820
3.00000000000000,12.04003000000000,0.00000000041410
0.00000000000000,0.00000000000000,-0.00000000127000
0.00000000000000,0.00000000000000,-0.00000000012520
0.00000000000000,-0.00000100000000,-0.00000000008550
0.00000000000000,-0.00000100000000,-0.00000000006450
0.00000000000000,0.00000000000000,-0.00000000005120
0.00000000000000,-0.00000100000000,-0.00000000003650
0.00000000000000,0.00000000000000,-0.00000000003090
0.00000000000000,-0.00000100000000,-0.00000000003370
0.00000000000000,-0.00000100000000,-0.00000000002170
0.00000000000000,-0.00000100000000,-0.00000000002760
0.00000000000000,-0.00000100000000,-0.00000000001950
0.00000000000000,-0.00000100000000,-0.00000000001860
0.00000000000000,-0.00000100000000,-0.00000000002160
0.00000000000000,-0.00000100000000,-0.00000000001490
0.00000000000000,-0.00000100000000,-0.00000000001370
0.00000000000000,-0.00000100000000,-0.00000000001620
0.00000000000000,-0.00000100000000,-0.00000000001150
0.00000000000000,-0.00000100000000,-0.00000000000740
0.00000000000000,-0.00000100000000,-0.00000000001410
0.00000000000000,-0.00000100000000,-0.00000000000560
0.00000000000000,-0.00000100000000,-0.00000000000880
0.00000000000000,-0.00000100000000,-0.00000000000960
0.00000000000000,-0.00000100000000,-0.00000000000860
0.00000000000000,-0.00000100000000,-0.00000000000630
0.00000000000000,-0.00000100000000,-0.00000000000450
4.00000000000000,-0.00000100000000,0.00000000000390
4.00000000000000,0.43004400000000,0.00000000037460
4.00000000000000,0.86002100000000,0.00000000022870
4.00000000000000,1.29002100000000,0.00000000022890
4.00000000000000,1.72003600000000,0.00000000038590
4.00000000000000,2.15001000000000,0.00000000023190
4.00000000000000,2.58003000000000,0.00000000039280
4.00000000000000,3.01003000000000,0.00000000039430
4.00000000000000,3.44001000000000,0.00000000023190
4.00000000000000,3.87001000000000,0.00000000024090
4.00000000000000,4.30001000000000,0.00000000024690
4.00000000000000,4.73002000000000,0.00000000024860
4.00000000000000,5.16003000000000,0.00000000041040
4.00000000000000,5.59001000000000,0.00000000024080
4.00000000000000,6.02000000000000,0.00000000013770
4.00000000000000,6.45004000000000,0.00000000044380
4.00000000000000,6.88003000000000,0.00000000040960
4.00000000000000,7.31002000000000,0.00000000037930
4.00000000000000,7.74002000000000,0.00000000026290
4.00000000000000,8.17001000000000,0.00000000025870
4.00000000000000,8.60003000000000,0.00000000041600
4.00000000000000,9.03001000000000,0.00000000024690
4.00000000000000,9.46003000000000,0.00000000036800
4.00000000000000,9.89004000000000,0.00000000044640
4.00000000000000,10.31999000000000,0.00000000008100
4.00000000000000,10.75001000000000,0.00000000025270
4.00000000000000,11.18002000000000,0.00000000028460
4.00000000000000,11.61003000000000,0.00000000042010
4.00000000000000,12.04003000000000,0.00000000039650
0.00000000000000,0.00000000000000,-0.00000000124000
0.00000000000000,-0.00000100000000,-0.00000000012620
0.00000000000000,-0.00000100000000,-0.00000000008080
0.00000000000000,-0.00000100000000,-0.00000000006110
0.00000000000000,-0.00000100000000,-0.00000000004850
0.00000000000000,0.00000000000000,-0.00000000003890
0.00000000000000,0.00000000000000,-0.00000000003850
0.00000000000000,-0.00000100000000,-0.00000000003620
0.00000000000000,-0.00000100000000,-0.00000000002600
0.00000000000000,-0.00000100000000,-0.00000000002450
0.00000000000000,0.00000000000000,-0.00000000002420
0.00000000000000,-0.00000100000000,-0.00000000002210
0.00000000000000,-0.00000100000000,-0.00000000001760
0.00000000000000,0.00000000000000,-0.00000000000710
0.00000000000000,0.00000000000000,-0.00000000001970
0.00000000000000,-0.00000100000000,-0.00000000000400
0.00000000000000,-0.00000100000000,-0.00000000000980
0.00000000000000,-0.00000100000000,-0.00000000001490
0.00000000000000,-0.00000100000000,-0.00000000000740
0.00000000000000,-0.00000100000000,-0.00000000000860
0.00000000000000,-0.00000100000000,-0.00000000000890
0.00000000000000,0.00000000000000,-0.00000000000450
0.00000000000000,-0.00000100000000,-0.00000000000690
0.00000000000000,0.00000000000000,-0.00000000000440
0.00000000000000,0.00000000000000,0.00000000000020
5.00000000000000,-0.00000100000000,0.00000000000180
5.00000000000000,0.43001700000000,0.00000000019480
5.00000000000000,0.86001800000000,0.00000000019560
5.00000000000000,1.29003700000000,0.00000000038630
5.00000000000000,1.72002100000000,0.00000000023980
5.00000000000000,2.15003000000000,0.00000000038910
5.00000000000000,2.58002000000000,0.00000000022870
5.00000000000000,3.01001000000000,0.00000000023600
5.00000000000000,3.44000000000000,0.00000000011490
5.00000000000000,3.87001000000000,0.00000000024730
5.00000000000000,4.30001000000000,0.00000000024570
5.00000000000000,4.73003000000000,0.00000000040250
5.00000000000000,5.16002000000000,0.00000000032300
5.00000000000000,5.59001000000000,0.00000000024250
5.00000000000000,6.02002000000000,0.00000000025210
5.00000000000000,6.45003000000000,0.00000000040820
5.00000000000000,6.88003000000000,0.00000000040620
5.00000000000000,7.31001000000000,0.00000000022380
5.00000000000000,7.74002000000000,0.00000000026920
5.00000000000000,8.17001000000000,0.00000000025010
5.00000000000000,8.60001000000000,0.00000000025980
5.00000000000000,9.03001000000000,0.00000000026440
5.00000000000000,9.45999000000000,0.00000000005050
5.00000000000000,9.89002000000000,0.00000000023840
5.00000000000000,10.32001000000000,0.00000000025680
5.00000000000000,10.75003000000000,0.00000000042140
5.00000000000000,11.18001000000000,0.00000000025280
5.00000000000000,11.61001000000000,0.00000000024780
5.00000000000000,12.04000000000000,0.00000000014390
0.00000000000000,0.00000000000000,-0.00000000127000
0.00000000000000,0.00000000000000,-0.00000000012410
0.00000000000000,0.00000100000000,-0.00000000009200
0.00000000000000,0.00000000000000,-0.00000000005730
0.00000000000000,0.00000000000000,-0.00000000005360
0.00000000000000,0.00000100000000,-0.00000000004610
0.00000000000000,0.00000000000000,-0.00000000002880
0.00000000000000,0.00000000000000,-0.00000000002430
0.00000000000000,0.00000000000000,-0.00000000003220
0.00000000000000,0.00000100000000,-0.00000000002200
0.00000000000000,0.00000100000000,-0.00000000002240
0.00000000000000,0.00000000000000,-0.00000000001990
0.00000000000000,0.00000000000000,-0.00000000001720
0.00000000000000,0.00000100000000,-0.00000000001440
0.00000000000000,0.00000000000000,-0.00000000002220
0.00000000000000,0.00000100000000,-0.00000000001260
0.00000000000000,0.00000100000000,-0.00000000000780
0.00000000000000,0.00000000000000,-0.00000000001630
0.00000000000000,0.00000100000000,-0.00000000000860
0.00000000000000,0.00000000000000,-0.00000000000610
0.00000000000000,0.00000000000000,-0.00000000000180
0.00000000000000,0.00000000000000,-0.00000000000770
0.00000000000000,0.00000100000000,-0.00000000000660
0.00000000000000,0.00000000000000,-0.00000000000300
0.00000000000000,0.00000000000000,0.00000000000070
