Sweep start: 0.0000
Sweep stop: 40.0000
Sweep step size: 0.5000
Points per step: 1
Gate voltage start: 0.0000
Gate voltage end: 5.0000
Gate voltage step size: 1.0000
NPLC: 1.0000
Padding after sweep: 25
Gate voltage,Drain-Source Voltage,Drain-Source Current
0.00000000000000,-0.00000100000000,0.00000000000090
0.00000000000000,0.50000200000000,0.00000000004880
0.00000000000000,1.00002500000000,0.00000000026900
0.00000000000000,1.50002800000000,0.00000000028490
0.00000000000000,2.00002400000000,0.00000000027140
0.00000000000000,2.50004000000000,0.00000000040910
0.00000000000000,3.00001000000000,0.00000000018850
0.00000000000000,3.50004000000000,0.00000000043440
0.00000000000000,4.00003000000000,0.00000000044790
0.00000000000000,4.50003000000000,0.00000000041890
0.00000000000000,5.00001000000000,0.00000000028150
0.00000000000000,5.50004000000000,0.00000000047370
0.00000000000000,6.00004000000000,0.00000000047400
0.00000000000000,6.50003000000000,0.00000000039170
0.00000000000000,7.00004000000000,0.00000000046750
0.00000000000000,7.50001000000000,0.00000000018350
0.00000000000000,8.00003000000000,0.00000000042470
0.00000000000000,8.50002000000000,0.00000000030300
0.00000000000000,9.00002000000000,0.00000000028950
0.00000000000000,9.50002000000000,0.00000000031070
0.00000000000000,10.00004000000000,0.00000000048080
0.00000000000000,10.50004000000000,0.00000000048690
0.00000000000000,10.99999000000000,0.00000000005710
0.00000000000000,11.50003000000000,0.00000000041530
0.00000000000000,12.00002000000000,0.00000000027770
0.00000000000000,12.50001000000000,0.00000000029130
0.00000000000000,13.00003000000000,0.00000000031600
0.00000000000000,13.50002000000000,0.00000000031290
0.00000000000000,14.00002000000000,0.00000000031360
0.00000000000000,14.50002000000000,0.00000000030470
0.00000000000000,15.00002000000000,0.00000000031410
0.00000000000000,15.50002000000000,0.00000000031130
0.00000000000000,16.00002000000000,0.00000000029710
0.00000000000000,16.50001000000000,0.00000000028600
0.00000000000000,17.00002000000000,0.00000000033610
0.00000000000000,17.50001000000000,0.00000000030720
0.00000000000000,18.00002000000000,0.00000000031590
0.00000000000000,18.50002000000000,0.00000000032180
0.00000000000000,19.00002000000000,0.00000000031090
0.00000000000000,19.50000000000000,0.00000000017930
0.00000000000000,20.00002000000000,0.00000000031250
0.00000000000000,20.50002000000000,0.00000000032180
0.00000000000000,21.00000000000000,0.00000000017010
0.00000000000000,21.49990000000000,0.00000000017670
0.00000000000000,22.00000000000000,0.00000000048970
0.00000000000000,22.49990000000000,0.00000000010250
0.00000000000000,23.00000000000000,0.00000000049560
0.00000000000000,23.50000000000000,0.00000000033100
0.00000000000000,24.00000000000000,0.00000000046080
0.00000000000000,24.50000000000000,0.00000000032380
0.00000000000000,25.00000000000000,0.00000000032300
0.00000000000000,25.50000000000000,0.00000000050400
0.00000000000000,26.00000000000000,0.00000000044630
0.00000000000000,26.50000000000000,0.00000000045870
0.00000000000000,27.00000000000000,0.00000000029770
0.00000000000000,27.49990000000000,0.00000000031610
0.00000000000000,27.99990000000000,0.00000000032510
0.00000000000000,28.49990000000000,0.00000000031600
0.00000000000000,29.00000000000000,0.00000000047610
0.00000000000000,29.49990000000000,0.00000000032510
0.00000000000000,29.99990000000000,0.00000000034010
0.00000000000000,30.49990000000000,0.00000000031530
0.00000000000000,30.99990000000000,0.00000000032820
0.00000000000000,31.49990000000000,0.00000000018220
0.00000000000000,31.99990000000000,0.00000000016410
0.00000000000000,32.49990000000000,0.00000000035870
0.00000000000000,32.99990000000000,0.00000000022360
0.00000000000000,33.49990000000000,0.00000000031450
0.00000000000000,33.99990000000000,0.00000000017550
0.00000000000000,34.49990000000000,0.00000000031190
0.00000000000000,35.00000000000000,0.00000000032660
0.00000000000000,35.50000000000000,0.00000000051980
0.00000000000000,35.99990000000000,0.00000000030270
0.00000000000000,36.49990000000000,0.00000000032950
0.00000000000000,37.00000000000000,0.00000000051930
0.00000000000000,37.49990000000000,0.00000000032050
0.00000000000000,38.00000000000000,0.00000000050660
0.00000000000000,38.49990000000000,0.00000000035430
0.00000000000000,38.99990000000000,0.00000000019790
0.00000000000000,39.49990000000000,0.00000000031890
0.00000000000000,39.99990000000000,0.00000000032590
0.00000000000000,0.08123700000000,-0.00000029051000
0.00000000000000,0.00000000000000,-0.00000000049570
0.00000000000000,0.00000000000000,-0.00000000035350
0.00000000000000,0.00000000000000,-0.00000000027910
0.00000000000000,0.00000000000000,-0.00000000021140
0.00000000000000,0.00000100000000,-0.00000000018180
0.00000000000000,0.00000000000000,-0.00000000016180
0.00000000000000,0.00000000000000,-0.00000000014030
0.00000000000000,0.00000000000000,-0.00000000012490
0.00000000000000,0.00000100000000,-0.00000000011310
0.00000000000000,0.00000100000000,-0.00000000010600
0.00000000000000,0.00000000000000,-0.00000000008990
0.00000000000000,0.00000000000000,-0.00000000008500
0.00000000000000,0.00000100000000,-0.00000000008100
0.00000000000000,0.00000000000000,-0.00000000007060
0.00000000000000,0.00000100000000,-0.00000000006410
0.00000000000000,0.00000000000000,-0.00000000006410
0.00000000000000,0.00000100000000,-0.00000000006060
0.00000000000000,0.00000000000000,-0.00000000005490
0.00000000000000,0.00000000000000,-0.00000000005590
0.00000000000000,0.00000000000000,-0.00000000004830
0.00000000000000,0.00000000000000,-0.00000000004880
0.00000000000000,0.00000100000000,-0.00000000004420
0.00000000000000,0.00000000000000,-0.00000000004280
0.00000000000000,0.00000000000000,-0.00000000004640
1.00000000000000,0.00000000000000,0.00000000000380
1.00000000000000,0.50005400000000,0.00000000047340
1.00000000000000,1.00002400000000,0.00000000025130
1.00000000000000,1.50002700000000,0.00000000027120
1.00000000000000,2.00002300000000,0.00000000026460
1.00000000000000,2.50002000000000,0.00000000027990
1.00000000000000,3.00002000000000,0.00000000028620
1.00000000000000,3.50001000000000,0.00000000025180
1.00000000000000,4.00002000000000,0.00000000028820
1.00000000000000,4.50002000000000,0.00000000028190
1.00000000000000,5.00004000000000,0.00000000047440
1.00000000000000,5.50004000000000,0.00000000046830
1.00000000000000,6.00004000000000,0.00000000047360
1.00000000000000,6.50002000000000,0.00000000028220
1.00000000000000,7.00002000000000,0.00000000032290
1.00000000000000,7.50002000000000,0.00000000027860
1.00000000000000,8.00002000000000,0.00000000028620
1.00000000000000,8.50002000000000,0.00000000029040
1.00000000000000,9.00002000000000,0.00000000030490
1.00000000000000,9.50002000000000,0.00000000030920
1.00000000000000,10.00001000000000,0.00000000028020
1.00000000000000,10.50002000000000,0.00000000031130
1.00000000000000,10.99999000000000,0.00000000005730
1.00000000000000,11.50003000000000,0.00000000045350
1.00000000000000,12.00004000000000,0.00000000046810
1.00000000000000,12.50001000000000,0.00000000027110
1.00000000000000,13.00004000000000,0.00000000047980
1.00000000000000,13.50004000000000,0.00000000048830
1.00000000000000,14.00004000000000,0.00000000044180
1.00000000000000,14.50004000000000,0.00000000049130
1.00000000000000,15.00002000000000,0.00000000030740
1.00000000000000,15.50002000000000,0.00000000031400
1.00000000000000,16.00002000000000,0.00000000031860
1.00000000000000,16.50004000000000,0.00000000050720
1.00000000000000,17.00002000000000,0.00000000037280
1.00000000000000,17.50004000000000,0.00000000049200
1.00000000000000,18.00001000000000,0.00000000031530
1.00000000000000,18.50002000000000,0.00000000030950
1.00000000000000,19.00001000000000,0.00000000027890
1.00000000000000,19.50002000000000,0.00000000030540
1.00000000000000,20.00002000000000,0.00000000031160
1.00000000000000,20.50000000000000,0.00000000018360
1.00000000000000,21.00001000000000,0.00000000028640
1.00000000000000,21.50000000000000,0.00000000030810
1.00000000000000,21.99990000000000,0.00000000015420
1.00000000000000,22.50000000000000,0.00000000049980
1.00000000000000,22.99990000000000,0.00000000011500
1.00000000000000,23.50000000000000,0.00000000048920
1.00000000000000,24.00000000000000,0.00000000046580
1.00000000000000,24.50000000000000,0.00000000049840
1.00000000000000,25.00000000000000,0.00000000034550
1.00000000000000,25.50000000000000,0.00000000049460
1.00000000000000,26.00000000000000,0.00000000053250
1.00000000000000,26.50000000000000,0.00000000050880
1.00000000000000,27.00000000000000,0.00000000048950
1.00000000000000,27.49990000000000,0.00000000031810
1.00000000000000,27.99990000000000,0.00000000032810
1.00000000000000,28.49990000000000,0.00000000031990
1.00000000000000,28.99990000000000,0.00000000032030
1.00000000000000,29.49990000000000,0.00000000032040
1.00000000000000,29.99990000000000,0.00000000033440
1.00000000000000,30.49990000000000,0.00000000032440
1.00000000000000,30.99990000000000,0.00000000032150
1.00000000000000,31.49990000000000,0.00000000033030
1.00000000000000,31.99990000000000,0.00000000032030
1.00000000000000,32.50000000000000,0.00000000055020
1.00000000000000,33.00000000000000,0.00000000044810
1.00000000000000,33.49990000000000,0.00000000011100
1.00000000000000,33.99990000000000,0.00000000032320
1.00000000000000,34.49990000000000,0.00000000034570
1.00000000000000,35.00000000000000,0.00000000032250
1.00000000000000,35.49990000000000,0.00000000032700
1.00000000000000,36.00000000000000,0.00000000050350
1.00000000000000,36.49990000000000,0.00000000031350
1.00000000000000,37.00000000000000,0.00000000045290
1.00000000000000,37.49990000000000,0.00000000032940
1.00000000000000,38.00000000000000,0.00000000033310
1.00000000000000,38.49990000000000,0.00000000033260
1.00000000000000,39.00000000000000,0.00000000031440
1.00000000000000,39.49990000000000,0.00000000033300
1.00000000000000,40.00000000000000,0.00000000051200
0.00000000000000,0.08121300000000,-0.00000029047000
0.00000000000000,-0.00000200000000,-0.00000000051850
0.00000000000000,-0.00000100000000,-0.00000000035990
0.00000000000000,-0.00000100000000,-0.00000000028100
0.00000000000000,-0.00000100000000,-0.00000000022680
0.00000000000000,-0.00000100000000,-0.00000000018360
0.00000000000000,-0.00000100000000,-0.00000000015730
0.00000000000000,-0.00000100000000,-0.00000000013480
0.00000000000000,-0.00000100000000,-0.00000000012120
0.00000000000000,-0.00000100000000,-0.00000000011070
0.00000000000000,-0.00000100000000,-0.00000000009790
0.00000000000000,-0.00000100000000,-0.00000000008910
0.00000000000000,0.00000000000000,-0.00000000008870
0.00000000000000,0.00000000000000,-0.00000000007930
0.00000000000000,-0.00000100000000,-0.00000000007700
0.00000000000000,-0.00000100000000,-0.00000000006780
0.00000000000000,-0.00000100000000,-0.00000000006560
0.00000000000000,-0.00000100000000,-0.00000000005910
0.00000000000000,-0.00000100000000,-0.00000000005680
0.00000000000000,0.00000000000000,-0.00000000005560
0.00000000000000,-0.00000100000000,-0.00000000004520
0.00000000000000,-0.00000100000000,-0.00000000004660
0.00000000000000,0.00000000000000,-0.00000000004680
0.00000000000000,-0.00000100000000,-0.00000000004250
0.00000000000000,-0.00000100000000,-0.00000000003000
2.00000000000000,-0.00000100000000,0.00000000000100
2.00000000000000,0.50004700000000,0.00000000039100
2.00000000000000,1.00004200000000,0.00000000044240
2.00000000000000,1.50004800000000,0.00000000047430
2.00000000000000,2.00004200000000,0.00000000045060
2.00000000000000,2.50002000000000,0.00000000028910
2.00000000000000,3.00004000000000,0.00000000045710
2.00000000000000,3.50004000000000,0.00000000046340
2.00000000000000,4.00001000000000,0.00000000028460
2.00000000000000,4.50004000000000,0.00000000046350
2.00000000000000,5.00003000000000,0.00000000043620
2.00000000000000,5.50002000000000,0.00000000028560
2.00000000000000,6.00002000000000,0.00000000029620
2.00000000000000,6.50002000000000,0.00000000028830
2.00000000000000,7.00002000000000,0.00000000028750
2.00000000000000,7.50002000000000,0.00000000028360
2.00000000000000,8.00002000000000,0.00000000029290
2.00000000000000,8.50002000000000,0.00000000030440
2.00000000000000,9.00004000000000,0.00000000045520
2.00000000000000,9.50002000000000,0.00000000029870
2.00000000000000,10.00002000000000,0.00000000030660
2.00000000000000,10.50000000000000,0.00000000018120
2.00000000000000,10.99999000000000,0.00000000005710
2.00000000000000,11.50003000000000,0.00000000040560
2.00000000000000,12.00002000000000,0.00000000031390
2.00000000000000,12.50003000000000,0.00000000043650
2.00000000000000,13.00002000000000,0.00000000029340
2.00000000000000,13.50002000000000,0.00000000030280
2.00000000000000,14.00002000000000,0.00000000030930
2.00000000000000,14.50002000000000,0.00000000031410
2.00000000000000,15.00002000000000,0.00000000030530
2.00000000000000,15.50002000000000,0.00000000031380
2.00000000000000,16.00002000000000,0.00000000031490
2.00000000000000,16.50001000000000,0.00000000029930
2.00000000000000,17.00004000000000,0.00000000049250
2.00000000000000,17.50002000000000,0.00000000030960
2.00000000000000,18.00002000000000,0.00000000031550
2.00000000000000,18.50004000000000,0.00000000049760
2.00000000000000,19.00003000000000,0.00000000044960
2.00000000000000,19.50003000000000,0.00000000044720
2.00000000000000,20.00004000000000,0.00000000050170
2.00000000000000,20.50002000000000,0.00000000029830
2.00000000000000,21.00002000000000,0.00000000032370
2.00000000000000,21.50000000000000,0.00000000032610
2.00000000000000,21.99990000000000,0.00000000007000
2.00000000000000,22.50000000000000,0.00000000045670
2.00000000000000,23.00000000000000,0.00000000032510
2.00000000000000,23.50000000000000,0.00000000049310
2.00000000000000,24.00000000000000,0.00000000032120
2.00000000000000,24.50000000000000,0.00000000020160
2.00000000000000,25.00000000000000,0.00000000042380
2.00000000000000,25.50000000000000,0.00000000032240
2.00000000000000,26.00000000000000,0.00000000032650
2.00000000000000,26.50000000000000,0.00000000031830
2.00000000000000,27.00000000000000,0.00000000031320
2.00000000000000,27.49990000000000,0.00000000032380
2.00000000000000,27.99990000000000,0.00000000032530
2.00000000000000,28.49990000000000,0.00000000033770
2.00000000000000,28.99990000000000,0.00000000029270
2.00000000000000,29.49990000000000,0.00000000031610
2.00000000000000,29.99990000000000,0.00000000032390
2.00000000000000,30.50000000000000,0.00000000050940
2.00000000000000,30.99990000000000,0.00000000032470
2.00000000000000,31.49990000000000,0.00000000031350
2.00000000000000,31.99990000000000,0.00000000032030
2.00000000000000,32.49990000000000,0.00000000032230
2.00000000000000,32.99990000000000,0.00000000007220
2.00000000000000,33.49990000000000,0.00000000028660
2.00000000000000,34.00000000000000,0.00000000050280
2.00000000000000,34.49990000000000,0.00000000044020
2.00000000000000,34.99990000000000,0.00000000031810
2.00000000000000,35.50000000000000,0.00000000048460
2.00000000000000,36.00000000000000,0.00000000034950
2.00000000000000,36.49990000000000,0.00000000033640
2.00000000000000,37.00000000000000,0.00000000030900
2.00000000000000,37.49990000000000,0.00000000031420
2.00000000000000,38.00000000000000,0.00000000033030
2.00000000000000,38.50000000000000,0.00000000050350
2.00000000000000,39.00000000000000,0.00000000030980
2.00000000000000,39.50000000000000,0.00000000050890
2.00000000000000,40.00000000000000,0.00000000049000
0.00000000000000,0.07192800000000,-0.00000026150000
0.00000000000000,0.00000000000000,-0.00000000050460
0.00000000000000,0.00000000000000,-0.00000000035600
0.00000000000000,0.00000000000000,-0.00000000027260
0.00000000000000,0.00000100000000,-0.00000000022320
0.00000000000000,0.00000000000000,-0.00000000018540
0.00000000000000,0.00000000000000,-0.00000000015930
0.00000000000000,0.00000000000000,-0.00000000012690
0.00000000000000,0.00000000000000,-0.00000000011430
0.00000000000000,0.00000100000000,-0.00000000011330
0.00000000000000,0.00000000000000,-0.00000000009970
0.00000000000000,0.00000000000000,-0.00000000009000
0.00000000000000,0.00000100000000,-0.00000000008450
0.00000000000000,0.00000100000000,-0.00000000008410
0.00000000000000,0.00000000000000,-0.00000000007150
0.00000000000000,0.00000000000000,-0.00000000005870
0.00000000000000,0.00000100000000,-0.00000000006190
0.00000000000000,0.00000100000000,-0.00000000005940
0.00000000000000,0.00000000000000,-0.00000000005310
0.00000000000000,0.00000000000000,-0.00000000004510
0.00000000000000,0.00000000000000,-0.00000000005070
0.00000000000000,0.00000000000000,-0.00000000004860
0.00000000000000,0.00000000000000,-0.00000000004380
0.00000000000000,0.00000000000000,-0.00000000004390
0.00000000000000,0.00000000000000,-0.00000000004040
3.00000000000000,0.00000100000000,0.00000000000070
3.00000000000000,0.50004900000000,0.00000000042600
3.00000000000000,1.00002100000000,0.00000000022900
3.00000000000000,1.50004500000000,0.00000000044510
3.00000000000000,2.00004300000000,0.00000000045010
3.00000000000000,2.50004000000000,0.00000000045950
3.00000000000000,3.00004000000000,0.00000000047130
3.00000000000000,3.50003000000000,0.00000000039820
3.00000000000000,4.00003000000000,0.00000000040570
3.00000000000000,4.50002000000000,0.00000000029740
3.00000000000000,5.00001000000000,0.00000000027480
3.00000000000000,5.50004000000000,0.00000000047450
3.00000000000000,6.00003000000000,0.00000000040150
3.00000000000000,6.50003000000000,0.00000000043700
3.00000000000000,7.00002000000000,0.00000000029550
3.00000000000000,7.50002000000000,0.00000000030550
3.00000000000000,8.00002000000000,0.00000000030170
3.00000000000000,8.50002000000000,0.00000000030040
3.00000000000000,9.00002000000000,0.00000000029780
3.00000000000000,9.50000000000000,0.00000000016640
3.00000000000000,10.00003000000000,0.00000000043310
3.00000000000000,10.50001000000000,0.00000000028890
3.00000000000000,10.99999000000000,0.00000000005760
3.00000000000000,11.50001000000000,0.00000000025540
3.00000000000000,12.00002000000000,0.00000000031790
3.00000000000000,12.50002000000000,0.00000000030940
3.00000000000000,13.00003000000000,0.00000000031570
3.00000000000000,13.50003000000000,0.00000000046180
3.00000000000000,14.00002000000000,0.00000000031690
3.00000000000000,14.50004000000000,0.00000000049030
3.00000000000000,15.00002000000000,0.00000000031460
3.00000000000000,15.50002000000000,0.00000000031620
3.00000000000000,16.00002000000000,0.00000000031470
3.00000000000000,16.50003000000000,0.00000000048900
3.00000000000000,17.00004000000000,0.00000000049390
3.00000000000000,17.50004000000000,0.00000000049620
3.00000000000000,18.00002000000000,0.00000000031680
3.00000000000000,18.50004000000000,0.00000000050210
3.00000000000000,19.00002000000000,0.00000000033200
3.00000000000000,19.50002000000000,0.00000000033130
3.00000000000000,20.00002000000000,0.00000000030640
3.00000000000000,20.50002000000000,0.00000000030260
3.00000000000000,21.00004000000000,0.00000000050770
3.00000000000000,21.49990000000000,0.00000000007790
3.00000000000000,21.99990000000000,0.00000000028120
3.00000000000000,22.50000000000000,0.00000000031380
3.00000000000000,23.00000000000000,0.00000000043950
3.00000000000000,23.50000000000000,0.00000000029210
3.00000000000000,24.00000000000000,0.00000000032560
3.00000000000000,24.50000000000000,0.00000000030540
3.00000000000000,25.00000000000000,0.00000000049570
3.00000000000000,25.50000000000000,0.00000000045220
3.00000000000000,26.00000000000000,0.00000000049260
3.00000000000000,26.50000000000000,0.00000000027200
3.00000000000000,27.00000000000000,0.00000000031510
3.00000000000000,27.49990000000000,0.00000000050030
3.00000000000000,28.00000000000000,0.00000000052800
3.00000000000000,28.49990000000000,0.00000000033500
3.00000000000000,28.99990000000000,0.00000000032830
3.00000000000000,29.49990000000000,0.00000000033180
3.00000000000000,30.00000000000000,0.00000000048440
3.00000000000000,30.49990000000000,0.00000000032140
3.00000000000000,31.00000000000000,0.00000000050690
3.00000000000000,31.49990000000000,0.00000000046170
3.00000000000000,32.00000000000000,0.00000000055030
3.00000000000000,32.49990000000000,0.00000000008420
3.00000000000000,33.00000000000000,0.00000000049940
3.00000000000000,33.49990000000000,0.00000000033410
3.00000000000000,34.00000000000000,0.00000000048190
3.00000000000000,34.49990000000000,0.00000000032880
3.00000000000000,35.00000000000000,0.00000000032330
3.00000000000000,35.49990000000000,0.00000000018260
3.00000000000000,36.00000000000000,0.00000000032230
3.00000000000000,36.49990000000000,0.00000000032900
3.00000000000000,37.00000000000000,0.00000000051850
3.00000000000000,37.49990000000000,0.00000000034220
3.00000000000000,38.00000000000000,0.00000000051050
3.00000000000000,38.49990000000000,0.00000000032840
3.00000000000000,39.00000000000000,0.00000000034050
3.00000000000000,39.50000000000000,0.00000000050990
3.00000000000000,39.99990000000000,0.00000000046210
0.00000000000000,0.06860600000000,-0.00000025116000
0.00000000000000,0.00000000000000,-0.00000000052730
0.00000000000000,0.00000000000000,-0.00000000036600
0.00000000000000,0.00000000000000,-0.00000000027730
0.00000000000000,0.00000000000000,-0.00000000022620
0.00000000000000,0.00000000000000,-0.00000000019130
0.00000000000000,0.00000000000000,-0.00000000015450
0.00000000000000,0.00000100000000,-0.00000000013710
0.00000000000000,0.00000000000000,-0.00000000012500
0.00000000000000,0.00000100000000,-0.00000000011030
0.00000000000000,0.00000000000000,-0.00000000010460
0.00000000000000,0.00000100000000,-0.00000000008930
0.00000000000000,0.00000100000000,-0.00000000008670
0.00000000000000,0.00000100000000,-0.00000000007590
0.00000000000000,0.00000100000000,-0.00000000007350
0.00000000000000,0.00000000000000,-0.00000000006650
0.00000000000000,0.00000000000000,-0.00000000005940
0.00000000000000,0.00000100000000,-0.00000000005760
0.00000000000000,0.00000000000000,-0.00000000005360
0.00000000000000,0.00000000000000,-0.00000000005470
0.00000000000000,0.00000100000000,-0.00000000005620
0.00000000000000,0.00000000000000,-0.00000000004790
0.00000000000000,0.00000000000000,-0.00000000004050
0.00000000000000,0.00000100000000,-0.00000000003250
0.00000000000000,0.00000000000000,-0.00000000004420
4.00000000000000,0.00000000000000,0.00000000000530
4.00000000000000,0.50003000000000,0.00000000023050
4.00000000000000,1.00003200000000,0.00000000033300
4.00000000000000,1.50004100000000,0.00000000040100
4.00000000000000,2.00002300000000,0.00000000026140
4.00000000000000,2.50004000000000,0.00000000046400
4.00000000000000,3.00002000000000,0.00000000027170
4.00000000000000,3.50004000000000,0.00000000046860
4.00000000000000,4.00002000000000,0.00000000029030
4.00000000000000,4.50002000000000,0.00000000028120
4.00000000000000,5.00002000000000,0.00000000030030
4.00000000000000,5.50002000000000,0.00000000029400
4.00000000000000,6.00001000000000,0.00000000027270
4.00000000000000,6.50002000000000,0.00000000028820
4.00000000000000,7.00002000000000,0.00000000029260
4.00000000000000,7.50002000000000,0.00000000028990
4.00000000000000,8.00002000000000,0.00000000030880
4.00000000000000,8.50002000000000,0.00000000029510
4.00000000000000,9.00004000000000,0.00000000047810
4.00000000000000,9.50002000000000,0.00000000031130
4.00000000000000,10.00001000000000,0.00000000030170
4.00000000000000,10.50001000000000,0.00000000027940
4.00000000000000,10.99999000000000,0.00000000005850
4.00000000000000,11.50004000000000,0.00000000047600
4.00000000000000,12.00002000000000,0.00000000030880
4.00000000000000,12.50002000000000,0.00000000032310
4.00000000000000,13.00002000000000,0.00000000031030
4.00000000000000,13.50001000000000,0.00000000029740
4.00000000000000,14.00002000000000,0.00000000030820
4.00000000000000,14.50004000000000,0.00000000048970
4.00000000000000,15.00002000000000,0.00000000030790
4.00000000000000,15.50004000000000,0.00000000048420
4.00000000000000,16.00002000000000,0.00000000029970
4.00000000000000,16.50003000000000,0.00000000049230
4.00000000000000,17.00004000000000,0.00000000051640
4.00000000000000,17.50001000000000,0.00000000030350
4.00000000000000,18.00003000000000,0.00000000043370
4.00000000000000,18.50004000000000,0.00000000049160
4.00000000000000,19.00002000000000,0.00000000031010
4.00000000000000,19.50002000000000,0.00000000030800
4.00000000000000,20.00002000000000,0.00000000031120
4.00000000000000,20.50004000000000,0.00000000049480
4.00000000000000,21.00002000000000,0.00000000030980
4.00000000000000,21.50000000000000,0.00000000048910
4.00000000000000,21.99990000000000,0.00000000017530
4.00000000000000,22.50000000000000,0.00000000049710
4.00000000000000,22.99990000000000,0.00000000011540
4.00000000000000,23.50000000000000,0.00000000032010
4.00000000000000,23.99990000000000,0.00000000030080
4.00000000000000,24.50000000000000,0.00000000047160
4.00000000000000,25.00000000000000,0.00000000032490
4.00000000000000,25.50000000000000,0.00000000017740
4.00000000000000,26.00000000000000,0.00000000033590
4.00000000000000,26.50000000000000,0.00000000034560
4.00000000000000,27.00000000000000,0.00000000030700
4.00000000000000,27.49990000000000,0.00000000050410
4.00000000000000,27.99990000000000,0.00000000032470
4.00000000000000,28.49990000000000,0.00000000031450
4.00000000000000,28.99990000000000,0.00000000032640
4.00000000000000,29.49990000000000,0.00000000032710
4.00000000000000,29.99990000000000,0.00000000033470
4.00000000000000,30.49990000000000,0.00000000033220
4.00000000000000,30.99990000000000,0.00000000031840
4.00000000000000,31.49990000000000,0.00000000032630
4.00000000000000,31.99990000000000,0.00000000031890
4.00000000000000,32.49990000000000,0.00000000037220
4.00000000000000,32.99990000000000,0.00000000033700
4.00000000000000,33.49990000000000,0.00000000011420
4.00000000000000,33.99990000000000,0.00000000016680
4.00000000000000,34.50000000000000,0.00000000045370
4.00000000000000,35.00000000000000,0.00000000031890
4.00000000000000,35.50000000000000,0.00000000051330
4.00000000000000,36.00000000000000,0.00000000031900
4.00000000000000,36.49990000000000,0.00000000034100
4.00000000000000,37.00000000000000,0.00000000032530
4.00000000000000,37.49990000000000,0.00000000030670
4.00000000000000,38.00000000000000,0.00000000033010
4.00000000000000,38.49990000000000,0.00000000032390
4.00000000000000,39.00000000000000,0.00000000031280
4.00000000000000,39.49990000000000,0.00000000033550
4.00000000000000,39.99990000000000,0.00000000031550
0.00000000000000,0.06910300000000,-0.00000025272000
0.00000000000000,0.00000000000000,-0.00000000050960
0.00000000000000,0.00000000000000,-0.00000000036120
0.00000000000000,0.00000000000000,-0.00000000027440
0.00000000000000,0.00000000000000,-0.00000000022100
0.00000000000000,0.00000000000000,-0.00000000018440
0.00000000000000,0.00000000000000,-0.00000000016500
0.00000000000000,0.00000000000000,-0.00000000014030
0.00000000000000,0.00000100000000,-0.00000000012460
0.00000000000000,0.00000100000000,-0.00000000011770
0.00000000000000,0.00000000000000,-0.00000000010610
0.00000000000000,0.00000000000000,-0.00000000009240
0.00000000000000,0.00000000000000,-0.00000000008440
0.00000000000000,0.00000100000000,-0.00000000007720
0.00000000000000,0.00000100000000,-0.00000000006880
0.00000000000000,0.00000000000000,-0.00000000006730
0.00000000000000,0.00000100000000,-0.00000000006130
0.00000000000000,0.00000000000000,-0.00000000006380
0.00000000000000,0.00000100000000,-0.00000000005590
0.00000000000000,0.00000000000000,-0.00000000005260
0.00000000000000,0.00000100000000,-0.00000000005270
0.00000000000000,0.00000000000000,-0.00000000004690
0.00000000000000,0.00000100000000,-0.00000000004400
0.00000000000000,0.00000100000000,-0.00000000004730
0.00000000000000,0.00000000000000,-0.00000000003730
5.00000000000000,0.00000000000000,-0.00000000000160
5.00000000000000,0.50004800000000,0.00000000039520
5.00000000000000,1.00001900000000,0.00000000021170
5.00000000000000,1.50002800000000,0.00000000026840
5.00000000000000,2.00000700000000,0.00000000012400
5.00000000000000,2.50001000000000,0.00000000025010
5.00000000000000,3.00002000000000,0.00000000027760
5.00000000000000,3.50004000000000,0.00000000044860
5.00000000000000,4.00001000000000,0.00000000025950
5.00000000000000,4.50002000000000,0.00000000028990
5.00000000000000,5.00002000000000,0.00000000028490
5.00000000000000,5.50002000000000,0.00000000029780
5.00000000000000,6.00004000000000,0.00000000046870
5.00000000000000,6.50002000000000,0.00000000029350
5.00000000000000,7.00002000000000,0.00000000028750
5.00000000000000,7.50002000000000,0.00000000030180
5.00000000000000,8.00002000000000,0.00000000029820
5.00000000000000,8.50002000000000,0.00000000029390
5.00000000000000,9.00002000000000,0.00000000030050
5.00000000000000,9.50002000000000,0.00000000029390
5.00000000000000,10.00001000000000,0.00000000029830
5.00000000000000,10.50004000000000,0.00000000049620
5.00000000000000,10.99999000000000,0.00000000006170
5.00000000000000,11.50004000000000,0.00000000045720
5.00000000000000,12.00004000000000,0.00000000047910
5.00000000000000,12.50001000000000,0.00000000027060
5.00000000000000,13.00002000000000,0.00000000031370
5.00000000000000,13.50002000000000,0.00000000031000
5.00000000000000,14.00002000000000,0.00000000029310
5.00000000000000,14.50002000000000,0.00000000030030
5.00000000000000,15.00002000000000,0.00000000029700
5.00000000000000,15.50002000000000,0.00000000029660
5.00000000000000,16.00002000000000,0.00000000033680
5.00000000000000,16.50004000000000,0.00000000049840
5.00000000000000,17.00001000000000,0.00000000030770
5.00000000000000,17.50004000000000,0.00000000050200
5.00000000000000,18.00004000000000,0.00000000051430
5.00000000000000,18.50002000000000,0.00000000030560
5.00000000000000,19.00002000000000,0.00000000033660
5.00000000000000,19.50002000000000,0.00000000033590
5.00000000000000,20.00001000000000,0.00000000029620
5.00000000000000,20.50002000000000,0.00000000032840
5.00000000000000,21.00004000000000,0.00000000050130
5.00000000000000,21.49990000000000,0.00000000007450
5.00000000000000,22.00000000000000,0.00000000039010
5.00000000000000,22.50000000000000,0.00000000032320
5.00000000000000,23.00000000000000,0.00000000032600
5.00000000000000,23.50000000000000,0.00000000031310
5.00000000000000,24.00000000000000,0.00000000050150
5.00000000000000,24.50000000000000,0.00000000031870
5.00000000000000,25.00000000000000,0.00000000042580
5.00000000000000,25.50000000000000,0.00000000033180
5.00000000000000,26.00000000000000,0.00000000049060
5.00000000000000,26.50000000000000,0.00000000032650
5.00000000000000,27.00000000000000,0.00000000030770
5.00000000000000,27.49990000000000,0.00000000049400
5.00000000000000,27.99990000000000,0.00000000032830
5.00000000000000,28.49990000000000,0.00000000050050
5.00000000000000,28.99990000000000,0.00000000031650
5.00000000000000,29.49990000000000,0.00000000017960
5.00000000000000,29.99990000000000,0.00000000032040
5.00000000000000,30.49990000000000,0.00000000031090
5.00000000000000,31.00000000000000,0.00000000050520
5.00000000000000,31.49990000000000,0.00000000033750
5.00000000000000,31.99990000000000,0.00000000031490
5.00000000000000,32.49990000000000,0.00000000008320
5.00000000000000,32.99990000000000,0.00000000028740
5.00000000000000,33.49990000000000,0.00000000031580
5.00000000000000,34.00000000000000,0.00000000042390
5.00000000000000,34.49990000000000,0.00000000031740
5.00000000000000,35.00000000000000,0.00000000034190
5.00000000000000,35.49990000000000,0.00000000032500
5.00000000000000,36.00000000000000,0.00000000032680
5.00000000000000,36.49990000000000,0.00000000031450
5.00000000000000,37.00000000000000,0.00000000031480
5.00000000000000,37.49990000000000,0.00000000031900
5.00000000000000,38.00000000000000,0.00000000051520
5.00000000000000,38.50000000000000,0.00000000054730
5.00000000000000,39.00000000000000,0.00000000031870
5.00000000000000,39.49990000000000,0.00000000033360
5.00000000000000,40.00000000000000,0.00000000050130
0.00000000000000,0.08072800000000,-0.00000028897000
0.00000000000000,-0.00000200000000,-0.00000000051690
0.00000000000000,-0.00000100000000,-0.00000000035850
0.00000000000000,-0.00000100000000,-0.00000000027890
0.00000000000000,-0.00000100000000,-0.00000000022570
0.00000000000000,-0.00000100000000,-0.00000000017790
0.00000000000000,-0.00000100000000,-0.00000000016040
0.00000000000000,-0.00000200000000,-0.00000000013560
0.00000000000000,0.00000000000000,-0.00000000011900
0.00000000000000,-0.00000100000000,-0.00000000011090
0.00000000000000,0.00000000000000,-0.00000000010470
0.00000000000000,-0.00000100000000,-0.00000000009180
0.00000000000000,-0.00000100000000,-0.00000000008650
0.00000000000000,-0.00000100000000,-0.00000000007610
0.00000000000000,-0.00000100000000,-0.00000000007340
0.00000000000000,-0.00000100000000,-0.00000000006720
0.00000000000000,-0.00000100000000,-0.00000000005680
0.00000000000000,-0.00000100000000,-0.00000000005910
0.00000000000000,-0.00000100000000,-0.00000000005180
0.00000000000000,-0.00000100000000,-0.00000000005940
0.00000000000000,-0.00000100000000,-0.00000000004750
0.00000000000000,0.00000000000000,-0.00000000004950
0.00000000000000,-0.00000100000000,-0.00000000004870
0.00000000000000,-0.00000100000000,-0.00000000004240
0.00000000000000,0.00000000000000,-0.00000000004070
